78,16,235,2
7,2,535,2
2,19,336,1
3,19,337,1
1,16,393,1
2,11,336,1
1,10,336,1
10,22,419,1
2,9,336,1
1,16,336,1
3,7,416,1
2,13,351,1
2,14,336,1
1,15,352,1
2,15,352,1
3,23,421,1
10,17,336,1
2,17,336,1
2,13,223,1
1,20,485,1
1,9,331,1
3,10,335,1
1,9,0,1
236,21,331,1
4,16,487,1
3,11,336,1
2,9,486,1
1,4,224,2
1,21,497,1
4,10,222,1
2,16,336,1
1,14,334,1
2,17,646,1
1,10,500,1
1,14,551,1
2,15,318,1
13,20,332,1
1,11,322,1
1,17,324,1
2,13,218,1
1,22,221,1
2,14,324,1
1,19,594,1
4,16,534,1
12,22,535,2
1,19,336,1
1,15,912,1
5,8,336,1
8,18,331,1
1,1,336,1
4,13,0,1
2,18,336,1
18,6,537,1
1,19,261,1
2,8,336,1
2,16,225,1
16,1,297,1
3,20,221,1
1,18,336,1
3,11,324,1
4,23,336,1
4,17,334,1
2,10,336,1
1,20,485,1
3,21,225,1
10,10,0,1
2,19,336,1
10,9,346,1
3,7,0,1
1,22,352,1
7,17,336,1
1,10,485,1
14,11,349,1
2,11,237,1
5,17,336,1
2,18,336,1
2,9,346,1
4,14,336,1
2,11,333,1
12,20,336,1
1,17,393,1
2,10,335,1
1,18,346,1
1,11,333,1
1,4,656,1
1,19,417,1
1,15,336,1
2,10,331,1
2,7,688,1
5,21,336,1
2,17,346,1
2,7,336,1
2,8,352,1
1,18,337,1
4,20,346,1
2,10,336,1
1,22,216,1
8,15,332,1
3,14,331,1
1,10,336,1
1,10,447,1
2,10,324,1
9,18,336,1
11,15,419,1
2,18,346,1
1,10,0,1
1,9,336,1
30,23,372,2
12,9,336,1
2,18,337,1
6,13,334,1
2,21,225,1
2,18,334,1
6,9,178,1
3,9,332,1
5,10,336,1
1,8,346,1
2,13,333,1
1,12,226,1
2,15,331,1
4,14,367,1
3,8,482,1
21,15,417,1
84,22,371,2
2,20,324,1
2,18,336,1
22,3,375,1
5,16,336,1
2,16,486,1
6,10,336,1
3,13,971,1
5,22,336,1
2,17,318,1
1,15,312,1
1,13,120,1
1,19,485,1
1,10,336,1
2,17,336,1
10,15,349,1
7,11,278,1
2,9,346,1
1,18,0,1
4,13,486,1
3,22,960,1
6,21,346,1
6,14,334,1
1,16,346,1
21,2,371,2
2,10,421,1
2,18,336,1
4,17,346,1
2,11,352,1
8,16,331,1
6,21,324,1
1,20,324,1
2,20,336,1
4,19,485,1
1,19,332,1
1,10,324,1
5,2,336,1
1,8,337,1
1,21,678,1
1,9,336,1
2,10,334,1
2,12,336,1
2,10,402,1
2,21,225,1
36,18,244,1
31,20,213,2
1,18,201,1
1,17,331,1
2,16,336,1
10,19,349,1
2,8,421,1
4,13,336,1
1,8,226,1
12,19,336,1
8,18,336,1
1,13,390,1
2,11,333,1
7,19,336,1
2,19,335,1
4,17,336,1
6,18,336,1
3,11,352,1
2,23,346,1
36,11,235,2
2,12,336,1
1,17,485,1
1,12,417,1
2,13,324,1
3,14,339,1
6,20,486,1
6,8,336,1
2,20,447,1
4,11,336,1
4,12,331,1
11,17,336,1
8,14,491,1
7,15,485,1
4,14,486,1
2,9,336,1
4,9,0,1
6,16,336,1
2,15,485,1
1,14,442,1
1,12,333,1
1,12,967,1
2,13,352,1
12,19,335,1
2,14,331,1
3,19,336,1
7,19,336,1
1,11,346,1
2,19,487,1
1,22,963,1
1,21,201,1
6,13,336,1
4,12,346,1
1,15,482,1
3,14,324,1
2,22,346,1
4,16,336,1
2,17,336,1
5,11,238,1
25,10,336,1
6,9,349,1
4,10,336,1
2,11,346,1
2,9,335,1
2,10,346,1
3,12,500,1
2,12,335,1
1,14,336,1
5,12,421,1
2,12,335,1
1,12,346,1
3,11,346,1
1,12,221,1
6,18,485,1
2,16,888,1
2,10,346,1
1,19,590,1
1,14,324,1
2,17,346,1
4,19,336,1
3,17,336,1
2,11,346,1
3,10,336,1
1,5,336,1
3,0,346,1
11,17,346,1
6,7,336,1
101,6,297,1
3,18,336,1
3,15,336,1
1,16,487,1
2,9,336,1
2,10,336,1
8,15,312,1
6,12,336,1
1,20,337,1
2,11,336,1
23,19,223,1
1,11,590,1
3,16,336,1
2,10,332,1
1,8,605,1
8,8,336,1
2,9,312,1
1,19,262,1
3,11,521,1
1,18,485,1
119,5,534,1
12,17,243,1
3,16,336,1
2,18,960,1
1,11,336,1
3,17,346,1
2,13,336,1
1,2,225,1
4,12,346,1
26,18,336,1
132,3,297,2
3,11,336,1
5,17,316,1
2,20,352,1
1,11,971,1
1,9,337,1
9,10,331,1
1,9,318,1
3,13,352,1
21,11,336,1
11,14,421,1
19,19,336,1
9,16,421,1
2,15,197,1
1,16,160,1
13,9,0,1
4,17,346,1
2,9,335,1
3,5,336,1
9,17,331,1
2,8,336,1
2,7,485,1
2,13,331,1
23,19,336,1
4,22,675,2
2,19,346,1
2,14,336,1
2,15,335,1
2,22,346,1
4,15,346,1
12,8,0,1
4,12,346,1
1,16,417,1
4,13,335,1
3,14,324,1
1,11,141,1
14,20,537,2
8,13,335,1
4,9,331,1
4,13,336,1
1,8,336,1
1,17,223,1
2,17,336,1
6,10,0,1
2,10,331,1
1,11,336,1
2,17,336,1
6,14,336,1
6,8,336,1
2,17,324,1
1,10,486,1
8,22,231,2
2,17,334,1
2,8,393,1
2,21,485,1
10,18,0,1
2,20,165,1
3,14,336,1
13,9,331,1
7,13,346,1
11,17,322,1
2,12,336,1
2,17,485,1
3,16,352,1
1,10,337,1
3,16,0,1
1,13,333,1
2,19,447,1
2,17,225,1
6,17,485,1
2,20,381,1
2,11,312,1
4,14,331,1
2,8,336,1
2,13,417,1
3,19,390,1
1,10,312,1
14,16,337,1
2,21,336,1
10,16,316,1
12,14,482,1
1,17,441,1
1,13,485,1
3,4,336,1
4,11,798,1
7,12,336,1
1,19,446,1
1,18,352,1
4,13,221,1
6,10,336,1
3,21,324,1
2,19,352,1
1,22,232,1
1,9,336,1
3,21,161,1
1,9,447,1
5,16,336,1
1,13,393,1
1,8,223,1
2,20,336,1
2,8,485,1
4,18,346,1
1,15,337,1
26,2,236,2
1,8,278,1
3,16,331,1
2,11,336,1
1,11,417,1
1,15,336,1
5,13,346,1
4,20,334,1
3,19,324,1
2,9,336,1
1,17,336,1
2,18,421,1
6,9,336,1
2,14,346,1
6,11,336,1
5,18,407,1
2,8,336,1
24,9,336,1
2,6,417,1
12,10,349,1
4,22,336,1
2,21,216,2
2,3,346,1
6,15,336,1
2,9,482,1
1,14,336,1
2,10,336,1
1,15,333,1
2,16,485,1
1,8,331,1
2,18,486,1
2,21,339,1
5,17,961,1
1,10,336,1
2,19,336,1
5,10,0,1
2,21,962,1
2,8,336,1
43,3,235,2
2,0,337,1
1,18,417,1
2,17,336,1
2,15,232,1
16,17,336,1
1,18,223,1
9,12,336,1
1,20,346,1
3,13,336,1
36,20,252,2
10,17,184,1
2,12,336,1
5,19,334,1
4,15,557,1
8,14,337,1
2,17,324,1
2,17,324,1
2,10,417,1
5,18,485,1
2,8,485,1
14,11,336,1
2,17,376,1
12,18,334,1
14,21,349,1
2,16,336,1
1,11,332,1
1,20,336,1
2,9,421,1
3,14,336,1
2,19,442,1
2,11,324,1
2,14,491,1
1,15,390,1
3,16,337,1
2,18,346,1
1,14,336,1
2,14,328,1
1,13,170,1
2,8,336,1
2,15,336,1
1,13,961,1
2,17,488,1
2,8,336,1
1,14,791,1
2,12,486,1
4,17,331,1
2,7,678,1
8,18,225,1
2,22,486,1
1,15,333,1
1,10,332,1
1,9,336,1
1,18,337,1
2,15,487,1
4,12,0,1
3,2,225,1
1,10,336,1
5,17,417,1
7,14,336,1
1,14,351,1
2,0,485,1
4,17,336,1
4,19,336,1
2,19,336,1
7,14,231,1
5,10,336,1
7,10,336,1
14,2,377,2
11,10,336,1
2,19,336,1
4,7,336,1
1,9,0,1
7,22,377,2
1,4,130,1
5,17,324,1
8,16,336,1
2,14,452,1
2,10,334,1
6,19,336,1
6,1,252,2
2,20,486,1
4,20,336,1
6,19,370,1
1,18,225,1
4,10,346,1
2,3,639,1
8,10,324,1
4,20,336,1
2,17,336,1
1,7,346,1
3,9,485,1
6,16,336,1
4,12,486,1
1,20,407,1
7,16,336,1
1,9,377,1
4,16,349,1
3,10,346,1
6,16,336,1
2,14,332,1
1,8,229,1
10,17,186,1
1,9,336,1
5,12,191,1
6,12,971,1
1,2,351,1
3,11,421,1
1,15,491,1
9,16,346,1
1,16,339,1
1,21,486,1
2,14,502,2
2,22,336,1
1,16,590,1
15,18,262,1
11,19,263,1
2,18,336,1
8,12,331,1
1,15,0,1
2,14,334,1
27,16,223,1
3,2,212,2
3,9,222,1
1,10,486,1
2,19,336,1
2,2,346,1
3,9,318,1
13,15,482,1
6,18,334,1
2,8,331,1
3,7,417,1
4,16,349,1
4,17,322,1
2,9,346,1
1,12,346,1
1,17,336,1
2,16,262,1
7,18,412,1
13,11,225,1
6,19,346,1
3,11,336,1
9,1,336,1
2,14,225,1
4,15,223,1
16,12,336,1
2,9,0,1
624,1,235,2
1,19,0,1
2,12,377,1
2,15,346,1
1,20,0,1
1,9,352,1
4,20,441,1
4,16,417,1
2,18,339,1
1,23,346,1
1,22,263,2
6,6,336,1
2,16,336,1
1,15,336,1
11,15,336,1
3,22,336,1
3,6,346,1
2946,2,263,2
3,13,225,1
1,21,336,1
2,16,346,1
1,9,164,1
6,10,335,1
3,12,336,1
1,19,337,1
3,13,336,1
7,1,221,2
3,16,336,1
1,13,352,1
3,13,393,1
9,23,336,1
2,12,324,1
2,15,336,1
7,18,336,1
1,16,336,1
2,16,336,1
1,9,352,1
28,23,372,1
1,8,333,1
10,11,316,1
2,0,225,1
149,10,336,1
1,18,336,1
1,16,336,1
19,10,336,1
5,17,223,1
3,1,212,2
3,19,225,1
2,8,223,1
4,11,332,1
2,10,336,1
2,14,555,1
2,10,447,1
2,15,346,1
1,0,337,1
2,15,223,1
5,9,336,1
1,8,336,1
1,9,111,1
3,20,346,1
2,9,223,1
2,20,324,1
1,10,393,1
70,9,537,1
2,17,485,1
30,18,213,1
2,15,337,1
5,17,334,1
4,12,352,1
1,20,337,1
1,13,798,1
2,19,324,1
2,16,346,1
6,10,337,1
3,10,971,1
2,18,122,1
2,14,485,1
2,14,334,1
4,20,346,1
2,20,339,1
2,14,485,1
4,14,336,1
4,9,229,1
4,12,241,1
1,10,491,1
9,18,336,1
2,11,336,1
1,17,170,1
11,12,336,1
2,13,336,1
9,18,322,1
1,18,640,1
5,17,0,1
2,9,336,1
31,1,297,2
1,22,123,1
1,0,225,1
2,11,335,1
5,10,336,1
2,11,336,1
2,15,197,1
6,14,224,1
27,18,213,1
8,18,485,1
3,12,336,1
6,16,486,1
1,9,971,1
2,12,349,1
2,14,336,1
8,13,346,1
6,0,336,1
1,18,441,1
2,12,237,1
2,15,961,1
1,17,136,1
1,12,905,1
3,9,243,1
5,12,333,1
2,10,216,1
21,20,235,2
1,14,225,1
2,20,485,1
1,20,226,1
3,13,336,1
4,9,349,1
1,8,971,1
2,14,225,1
4,10,346,1
4,16,336,1
1,15,336,1
2,17,336,1
4,14,336,1
1,17,331,1
2,19,336,1
2,10,421,1
1,16,336,1
2,13,485,1
3,12,521,1
11,12,393,1
2,14,486,1
20,19,331,1
1,9,331,1
7,9,0,1
2,20,346,1
2,15,346,1
12,13,336,1
2,20,336,1
12,12,346,1
2,10,485,1
2,4,336,1
12,9,331,1
15,18,186,1
1,19,393,1
1,15,334,1
2,14,346,1
2,13,337,1
1,12,337,1
1,11,407,1
6,15,194,1
2,8,352,1
7,9,336,1
2,9,336,1
8,11,336,1
2,10,486,1
5,15,331,1
4,16,331,1
1,18,333,1
1,13,493,1
1,15,491,1
1,11,336,1
2,12,441,1
1,10,337,1
2,14,216,1
2,23,336,1
5,13,336,1
5,0,336,1
2,11,349,1
1,23,237,1
4,20,393,1
2,14,225,1
3,16,971,1
3,14,352,1
1,17,336,1
2,11,346,1
2,11,346,1
1,19,336,1
2,22,336,1
4,21,486,1
2,19,486,1
1,15,971,1
2,19,336,1
2,15,225,1
9,9,331,1
2,8,352,1
30,12,336,1
1,13,235,1
1,19,485,1
6,19,336,1
2,8,331,1
15,15,334,1
1,12,352,1
1,14,213,1
5,20,333,1
2,13,336,1
2,16,336,1
2,11,336,1
20,12,235,2
3,11,336,1
2,23,237,1
1,11,417,1
2,9,336,1
1,13,485,1
1,18,221,1
2,22,336,1
2,12,336,1
3,10,331,1
6,16,312,1
14,10,407,1
1,8,331,1
2,11,525,1
31,19,346,1
1,19,132,1
3,22,336,1
2,11,488,1
1,22,336,1
1,11,278,1
3,10,336,1
2,9,331,1
3,15,336,1
6,19,349,1
3,11,221,1
3,17,225,1
7,9,223,1
8,18,336,1
1,22,181,1
4,22,224,2
2,12,346,1
1,11,500,1
2,11,335,1
3,15,486,1
4,16,336,1
3,10,337,1
19,11,421,1
2,10,487,1
1,16,324,1
2,17,331,1
1,17,357,1
8,12,346,1
1,11,346,1
5,11,221,1
3,10,447,1
3,18,324,1
2,19,485,1
3,17,331,1
2,11,967,1
6,17,331,1
2,11,333,1
2,15,485,1
2,19,336,1
2,9,337,1
1,12,346,1
35,2,224,2
1,16,337,1
5,11,346,1
15,21,316,1
1,14,688,1
2,17,336,1
18,13,336,1
3,16,336,1
2,8,487,1
4,20,336,1
1,22,485,1
1,10,337,1
3,14,337,1
2,20,225,1
3,10,337,1
11,20,485,1
1,22,485,1
1,17,324,1
2,18,485,1
2,12,393,1
4,9,447,1
2,17,346,1
1,12,417,1
6,17,337,1
2,14,161,1
1,9,337,1
2,19,151,1
1,6,487,1
2,15,487,1
6,14,336,1
2,3,336,1
5,12,336,1
10,17,334,1
4,20,336,1
1,13,447,1
3,22,336,1
2,9,337,1
4,13,336,1
1,20,336,1
7,9,336,1
2,11,336,1
3,13,590,1
1,13,337,1
8,19,337,1
3,17,336,1
1,16,336,1
2,12,337,1
4,16,359,1
10,19,421,1
2,14,352,1
1,13,324,1
1,3,221,1
4,16,336,1
16,12,336,1
2,9,407,1
5,19,346,1
1,17,0,1
2,11,336,1
18,13,393,1
2,18,412,1
4,0,161,1
7,17,336,1
3,0,336,1
2,15,346,1
3,15,333,1
15,10,331,1
3,11,336,1
3,18,537,1
4,17,335,1
4,19,336,1
2,20,331,1
4,12,393,1
2,15,331,1
1,14,417,1
1,17,390,1
2,19,336,1
8,16,349,1
1,17,170,1
6,23,241,1
33,10,331,1
2,17,339,1
13,18,336,1
4,18,336,1
1,11,352,1
6,14,336,1
1,14,962,1
2,8,336,1
1,19,337,1
2,13,346,1
1,23,337,1
2,12,485,1
2,9,262,1
2,21,337,1
1,19,485,1
2,9,332,1
6,8,485,1
1,21,220,1
4,17,336,1
8,17,331,1
1,12,336,1
6,11,336,1
9,10,336,1
3,10,336,1
1,20,519,1
2,2,336,1
2,19,346,1
1,9,537,1
18,10,331,1
4,18,334,1
14,23,336,1
2,16,336,1
2,16,324,1
3,22,346,1
2,22,336,1
1,16,122,1
4,9,336,1
5,13,336,1
9,8,407,1
3,11,336,1
4,4,336,1
1,12,312,1
1,10,331,1
7,10,0,1
6,11,324,1
2,22,226,1
2,17,337,1
4,11,324,1
14,18,336,1
2,17,336,1
4,10,321,1
3,18,336,1
2,8,629,1
1,15,333,1
3,14,324,1
2,9,421,1
2,20,336,1
3,15,336,1
2,22,447,1
1,21,381,2
2,17,0,1
3,11,336,1
1,20,346,1
1,18,393,1
1,22,971,1
2,11,336,1
1,11,390,1
7,12,798,1
6,11,421,1
4,18,336,1
4,17,485,1
1,12,798,1
3,10,352,1
2,9,346,1
11,14,421,1
1,21,351,1
9,20,336,1
2,8,336,1
2,9,349,1
8,11,971,1
6,10,349,1
1,21,665,1
1,10,336,1
16,21,336,1
2,21,324,1
2,12,346,1
2,23,324,1
2,18,324,1
2,21,223,1
2,2,0,1
1,11,0,1
1,9,216,1
2,14,398,1
14,20,336,1
10,19,486,1
1,14,316,1
7,16,336,1
142,5,297,2
2,22,334,1
2,14,336,1
1,9,312,1
1,17,337,1
2,16,485,1
1,17,485,1
7,20,334,1
2,18,243,1
2,13,346,1
2,18,336,1
3,21,483,1
27,17,336,1
15,13,324,1
2,15,485,1
2,7,336,1
1,20,235,1
49,7,534,2
1,11,346,1
2,15,485,1
6,15,337,1
3,14,336,1
12,12,225,1
1,20,336,1
3,9,491,1
12,14,0,1
9,18,331,1
2,22,420,1
3,21,336,1
1,17,331,1
3,12,485,1
1,14,417,1
13,13,336,1
6,11,331,1
1,9,216,1
1,9,971,1
3,8,336,1
2,10,337,1
1,9,337,1
11,8,336,1
2,9,0,1
1,15,549,1
1,17,201,1
1,16,614,1
75,10,537,1
1,17,487,1
7,14,336,1
4,18,967,1
2,15,334,1
2,17,260,1
14,15,336,1
49,17,244,1
1,18,331,1
3,10,336,1
2,11,486,1
1,5,0,1
70,0,216,2
2,17,336,1
2,10,336,1
5,16,336,1
2,21,407,1
4,18,486,1
4,9,336,1
11,13,333,1
3,12,332,1
2,18,485,1
22,9,336,1
2,15,336,1
2,15,486,1
2,8,312,1
1,13,447,1
100,9,336,1
1,12,333,1
2,11,337,1
8,18,336,1
3,10,352,1
13,15,346,1
26,2,438,2
1,14,221,1
1,14,331,1
3,15,487,1
1,16,337,1
2,13,241,1
2,12,352,1
1,12,212,1
13,1,223,1
4,18,336,1
1,23,393,1
1,13,241,1
2,13,190,1
2,14,349,1
11,17,186,1
1,17,417,1
4,11,0,1
2,11,331,1
2,18,485,1
8,17,331,1
3,19,334,1
1,20,336,1
2,10,352,1
6,16,346,1
1,10,524,1
7,16,349,1
6,10,0,1
2,14,223,1
2,13,436,1
32,23,187,2
1,15,491,1
3,12,336,1
1,13,491,1
6,19,417,1
13,12,336,1
1,22,225,1
1,10,242,1
2,2,337,1
1,19,393,1
2,7,312,1
1,19,349,1
4,15,555,1
1,13,336,1
1,12,278,1
4,17,486,1
2,15,500,1
1,4,336,1
5,10,336,1
2,21,216,1
1,19,482,1
1,10,419,1
2,19,407,1
1,16,334,1
2,11,485,1
1,13,336,1
2,14,487,1
2,10,390,1
2,5,485,1
3,16,336,1
1,14,223,1
1,15,225,1
1,11,491,1
1,17,346,1
2,14,336,1
2,16,336,1
2,12,223,1
9,18,336,1
1,22,324,1
2,11,336,1
2,9,337,1
2,18,407,1
6,22,346,1
3,14,346,1
4,16,336,1
5,18,336,1
7,14,336,1
1,13,334,1
1,6,678,1
5,19,487,1
28,1,252,2
2,18,212,1
1,13,336,1
2,16,336,1
13,21,336,1
1,5,336,1
2,13,336,1
1,9,336,1
2,10,336,1
12,11,321,1
3,7,346,1
5,5,346,1
2,14,336,1
3,22,336,1
7,12,334,1
5,5,297,1
3,13,485,1
2,10,336,1
3,10,0,1
8,11,318,1
3,12,485,1
2,14,332,1
2,12,960,1
2,21,221,1
7,16,336,1
1,19,336,1
2,6,417,1
11,19,351,1
2,7,336,1
4,12,346,1
2,13,331,1
5,20,225,1
13,19,213,1
3,4,336,1
1,10,442,1
10,18,486,1
140,22,331,1
13,11,336,1
2,15,337,1
2,10,331,1
63,4,297,2
19,3,375,1
6,4,346,1
1,9,336,1
2,10,336,1
1,19,337,1
1,11,336,1
1,13,337,1
2,9,485,1
4,9,212,1
2,15,486,1
18,21,419,1
4,11,336,1
1,22,337,1
12,13,442,1
2,20,346,1
2,18,336,1
4,18,324,1
2,17,336,1
2,10,335,1
3,10,492,1
1,15,337,1
3,13,336,1
3,18,336,1
1,9,337,1
17,17,333,1
28,0,504,2
2,21,352,1
2,16,346,1
1,15,336,1
2,0,573,1
2,2,336,1
2,14,966,1
2,19,212,1
4,15,678,1
1,22,225,1
4,9,336,1
1,19,336,1
19,8,336,1
1,6,346,1
3,19,961,1
3,10,324,1
3,9,278,1
14,13,244,1
2,1,316,1
2,10,346,1
2,13,336,1
3,21,485,1
3,13,421,1
1,15,216,1
1,10,336,1
12,11,336,1
466,12,534,2
1,13,351,1
10,13,352,1
18,15,593,1
2,18,486,1
1,10,336,1
2,10,486,1
5,17,346,1
2,19,334,1
1,16,237,1
11,14,496,1
208,14,971,1
2,15,346,1
1,14,181,1
6,20,485,1
2,16,336,1
1,15,416,1
9,0,336,1
5,12,0,1
2,9,334,1
13,13,336,1
2,12,442,1
12,16,336,1
7,17,337,1
8,16,336,1
1,17,0,1
1,14,346,1
2,18,447,1
1,11,331,1
2,9,336,1
2,15,421,1
2,14,336,1
1,14,336,1
2,13,352,1
4,13,337,1
2,10,336,1
2,1,371,1
2,19,336,1
12,20,534,2
2,17,223,1
2,20,487,1
2,14,687,1
12,6,537,2
29,17,336,1
4,13,312,1
2,20,917,1
2,14,336,1
3,8,421,1
1,11,336,1
1,18,346,1
1,18,491,1
1,1,337,1
2,16,497,1
12,11,334,1
1,9,407,1
2,10,336,1
3,11,485,1
1,20,136,1
10,22,247,2
1,13,0,1
4,4,336,1
2,13,346,1
1,9,333,1
2,15,334,1
11,17,336,1
11,14,336,1
1,13,224,1
1,19,485,1
1,7,336,1
1,9,447,1
5,8,222,1
1,22,337,1
2,11,967,1
1,15,225,1
10,19,336,1
1,8,500,1
1,0,337,1
2,18,331,1
2,22,225,1
132,4,297,1
4,21,485,1
1,15,336,1
11,10,336,1
2,16,334,1
2,10,336,1
7,12,326,1
1,12,226,1
1,20,324,1
2,20,346,1
2,16,336,1
2,12,225,1
1,15,213,1
118,10,297,1
6,17,346,1
10,21,381,1
11,11,442,1
1,16,237,1
2,9,349,1
1,19,393,1
65,5,537,2
10,10,337,1
1,23,124,1
2,17,377,1
1,22,421,1
7,7,417,1
11,11,336,1
2,17,336,1
2,18,336,1
4,18,351,1
2,13,337,1
2,17,421,1
4,11,316,1
2,11,337,1
1,15,336,1
1,11,336,1
9,16,336,1
1,4,336,1
1,9,331,1
6,14,336,1
1,15,678,1
7,19,417,1
1,17,235,1
2,19,336,1
3,14,221,1
2,15,0,1
2,16,120,1
3,11,961,1
1,23,337,1
14,1,224,1
2,19,972,1
2,17,349,1
4,9,337,1
1,22,346,1
1,19,0,1
1,15,352,1
20,20,336,1
1,19,346,1
2,12,337,1
7,15,331,1
2,12,352,1
3,9,297,1
1,8,334,1
2,12,346,1
2,12,336,1
2,14,346,1
1,14,966,1
11,18,339,1
7,12,485,1
3,17,336,1
2,22,349,1
12,9,336,1
2,22,336,1
15,12,336,1
2,11,324,1
2,16,442,1
1,17,417,1
6,13,0,1
14,15,337,1
9,23,336,1
2,15,336,1
1,22,151,1
131,4,375,1
2,7,336,1
2,14,316,1
14,10,447,1
4,16,407,1
1,16,336,1
4,23,336,1
1,12,0,1
3,12,491,1
2,14,336,1
11,15,336,1
296,13,534,2
2,14,487,1
2,22,225,1
7,15,161,1
1,16,336,1
2,18,346,1
6,17,336,1
2,16,352,1
4,10,331,1
2,8,331,1
2,11,336,1
4,20,485,1
1,10,407,1
2,7,337,1
4,12,336,1
1,11,324,1
2,19,180,1
14,16,322,1
1,19,492,1
6,11,334,1
2,6,485,1
40,13,372,2
2,17,336,1
2,10,312,1
146,17,297,1
2,19,336,1
2,15,333,1
4,16,486,1
6,10,485,1
9,16,336,1
3,16,335,1
2,12,225,1
8,11,336,1
3,9,339,1
10,19,485,1
1,14,336,1
4,5,346,1
1,15,324,1
2,10,336,1
5,13,225,1
2,17,336,1
1,20,486,1
1,14,248,1
2,19,407,1
15,9,482,1
1,15,346,1
1,16,961,1
1,19,346,1
1,22,336,1
14,13,326,1
3,18,346,1
2,15,417,1
19,11,322,1
1,11,485,1
6,10,334,1
2,8,178,1
2,19,393,1
1,9,496,1
9,22,161,1
2,14,332,1
2,7,223,1
3,23,486,1
1,15,346,1
22,18,213,2
1,20,201,1
22,20,244,1
2,12,336,1
4,15,962,1
2,10,346,1
4,15,336,1
4,8,336,1
1,14,962,1
2,14,336,1
4,17,485,1
2,12,336,1
5,12,224,1
1,18,491,1
13,9,336,1
2,10,486,1
10,16,213,1
118,7,297,1
2,13,346,1
2,12,346,1
2,14,346,1
2,16,336,1
5,16,486,1
11,20,336,1
2,9,331,1
1,12,337,1
2,6,486,1
2,13,485,1
2,19,0,1
9,16,331,1
4,12,485,1
1,16,336,1
7,20,336,1
6,10,336,1
3,8,335,1
2,18,324,1
1,17,324,1
2,18,336,1
1,10,336,1
2,12,336,1
1,12,664,1
3,14,322,1
2,12,336,1
1,14,485,1
5,15,0,1
1,18,336,1
1,11,336,1
9,18,336,1
1,16,322,1
1,14,351,1
1,20,336,1
2,13,421,1
7,21,336,1
24,23,372,2
1,20,0,1
4,12,337,1
4,19,331,1
8,18,485,1
1,21,225,1
1,16,491,1
2,10,485,1
14,2,450,2
1,11,352,1
11,17,485,1
6,9,336,1
2,18,337,1
1,7,416,1
3,23,485,1
2,12,336,1
45,4,995,2
2,15,331,1
1,19,324,1
1,10,336,1
28,16,537,1
25,17,225,1
1,18,337,1
4,11,322,1
2,13,331,1
1,18,346,1
3,17,336,1
6,7,537,1
2,15,398,1
1,19,336,1
2,9,421,1
2,18,278,1
2,6,416,1
2,10,312,1
3,16,336,1
5,15,336,1
10,20,485,1
1,12,132,1
9,13,336,1
6,19,336,1
3,19,336,1
16,22,450,2
7,20,337,1
1,13,336,1
1,0,337,1
5,16,331,1
1,20,336,1
2,9,336,1
2,23,223,1
2,8,336,1
13,12,244,1
1,19,336,1
1,9,0,1
3,18,485,1
9,16,337,1
1,10,336,1
3,18,525,1
6,14,346,1
1,5,346,1
2,17,519,1
4,18,221,1
7,18,346,1
13,8,0,1
2,23,346,1
2,9,336,1
1,16,332,1
3,18,336,1
2,17,332,1
1,19,447,1
3,18,331,1
8,19,237,1
2,15,191,1
2,20,336,1
11,12,336,1
1,18,336,1
1,16,0,1
1,17,336,1
2,7,336,1
1,14,328,1
1,18,331,1
17,12,442,1
6,11,336,1
1,8,337,1
1,10,393,1
2,19,337,1
1,9,390,1
2,17,436,1
2,0,336,1
1,18,967,1
14,14,336,1
1,11,337,1
2,16,312,1
2,16,333,1
3,12,337,1
3,21,393,1
1,19,486,1
11,9,336,1
1,10,336,1
3,10,487,1
2,21,324,1
7,20,170,1
1,13,905,1
6,11,417,1
2,20,336,1
2,15,336,1
4,19,336,1
2,11,336,1
4,14,486,1
3,13,336,1
9,4,336,1
6,18,221,1
3,18,349,1
5,11,336,1
1,20,245,1
4,16,336,1
1,13,960,1
1,10,223,1
2,20,336,1
1,0,336,1
2,10,336,1
2,12,336,1
2,20,336,1
3,10,485,1
3,10,346,1
27,10,336,1
1,19,888,1
1,21,346,1
2,16,487,1
8,12,336,1
3,13,324,1
9,16,332,1
118,18,297,1
2,13,336,1
2,13,336,1
1,7,336,1
6,10,331,1
1,21,346,1
1,16,485,1
7,18,336,1
1,14,346,1
3,17,486,1
1,1,324,1
1840,5,235,2
2,10,335,1
3,3,485,1
15,13,417,1
3,8,336,1
2,13,488,1
2,16,331,1
1,9,336,1
2,15,336,1
2,21,492,1
6,20,967,1
2,9,336,1
9,2,336,1
7,1,224,1
3,20,336,1
4,18,485,1
1,17,491,1
2,14,318,1
2,9,336,1
35,8,375,1
2,0,971,1
1,15,334,1
2,18,223,1
299,23,235,2
2,20,485,1
2,16,487,1
1,10,223,1
1,15,491,1
2,12,336,1
2,9,487,1
26,23,336,1
2,18,336,1
2,13,313,1
9,16,421,1
15,20,486,1
1,10,336,1
1,10,332,1
10,16,335,1
6,16,336,1
1,11,917,1
13,13,336,1
12,14,417,1
10,14,331,1
7,22,486,1
4,19,0,1
2,14,339,1
24,5,297,2
1,8,336,1
1,10,332,1
1,21,336,1
2,18,337,1
435,21,263,2
2,22,467,1
4,14,349,1
2,21,333,1
2,18,336,1
1,9,336,1
1,16,333,1
2,9,336,1
2,12,336,1
15,17,339,1
2,18,336,1
23,20,324,1
3,13,486,1
2,16,442,1
5,17,226,1
2,9,485,1
3,10,464,1
8,11,334,1
1,15,443,1
1,8,262,1
1,11,0,1
3,12,318,1
5,11,485,1
7,14,332,1
2,14,358,1
5,15,192,1
13,14,419,1
18,17,252,2
2,11,223,1
5,9,346,1
4,20,346,1
2,4,178,1
2,18,393,1
3,16,322,1
2,10,331,1
2,11,223,1
6,1,346,2
2,16,336,1
4,15,442,1
1,20,486,1
1,17,525,1
7,21,336,1
2,10,346,1
2,21,336,1
1,8,336,1
5,17,485,1
10,21,336,1
2,12,331,1
4,9,336,1
1,9,346,1
2,14,482,1
2,17,346,1
2,14,359,1
1,15,336,1
4,17,221,1
1,17,551,1
2,19,336,1
2,18,336,1
20,13,380,2
1,16,334,1
1,17,336,1
3,12,485,1
2,18,336,1
1,13,441,1
1,10,223,1
1,20,336,1
1,18,336,1
8,12,336,1
2,17,336,1
1,17,331,1
4,9,352,1
2,8,485,1
1,17,417,1
1,15,336,1
1,18,338,1
2,7,0,1
2,21,687,1
2,17,485,1
1,19,336,1
2,22,486,1
2,18,324,1
1,13,500,1
8,22,316,1
5,8,312,1
2,16,324,1
2,17,967,1
2,13,485,1
3,23,324,1
4,12,336,1
3,19,349,1
2,14,335,1
6,15,336,1
1,18,491,1
1,16,390,1
3,16,535,1
3,13,336,1
3,10,971,1
3,11,225,1
12,2,336,1
2,10,336,1
2,14,407,1
2,17,349,1
1,17,221,1
3,16,336,1
1,17,346,1
1,11,448,1
11,20,334,1
1,14,961,1
6,15,346,1
1,17,336,1
2,20,346,1
138,2,297,2
1,14,224,1
10,15,336,1
1,15,191,1
1,10,336,1
1,21,487,1
1,13,331,1
2,15,485,1
6,17,336,1
2,18,324,1
8,11,0,1
2,17,336,1
2,10,482,1
1,9,324,1
2,18,421,1
1,11,442,1
2,15,225,1
10,15,421,1
2,16,336,1
6,4,0,1
1,17,336,1
2,19,324,1
2,16,346,1
2,20,486,1
1,12,212,1
1,19,190,1
1,9,336,1
2,5,552,1
1,9,221,1
6,14,331,1
2,13,324,1
14,12,336,1
587,11,534,2
2,16,151,1
1,13,336,1
2,13,352,1
8,12,243,1
2,20,336,1
1,14,335,1
1,10,333,1
7,17,485,1
1,16,337,1
2,17,337,1
37,8,336,1
7,18,485,1
1,17,337,1
1,23,277,1
2,17,331,1
2,20,346,1
3,10,223,1
19,18,225,1
9,16,336,1
11,8,336,1
2,15,328,1
2,17,393,1
13,8,336,1
9,12,334,1
4,9,534,1
7,4,375,2
3,15,316,1
2,12,324,1
1,16,336,1
5,10,352,1
1,14,393,1
4,18,336,1
4,12,331,1
2,21,485,1
1,17,336,1
2,12,441,1
1,18,231,1
4,22,220,1
2,19,487,1
1,19,331,1
6,10,338,1
1,8,223,1
2,17,336,1
12,15,331,1
11,20,417,1
4,12,336,1
3,15,333,1
15,15,482,1
4,13,485,1
1,13,888,1
2,20,486,1
1,14,336,1
1,16,486,1
2,11,336,1
2,8,336,1
2,19,346,1
18,19,252,2
4,15,336,1
1,9,223,1
6,13,336,1
1,20,336,1
4,16,336,1
6,5,0,1
2,12,485,1
33,19,421,1
5,13,316,1
2,21,336,1
1,6,687,1
2,10,336,1
2,17,324,1
6,18,336,1
2,11,489,1
2,11,336,1
2,17,485,1
5,22,381,2
1,21,414,1
1,11,224,1
7,21,447,1
3,10,221,1
1,16,121,1
12,18,333,1
2,11,0,1
2,13,334,1
3,13,336,1
2,11,336,1
12,16,331,1
10,19,346,1
2,13,485,1
2,11,336,1
5,15,336,1
2,21,346,1
5,12,324,1
4,21,336,1
1,8,524,1
4,8,0,1
1,10,336,1
78,2,381,2
3,21,336,1
2,14,232,1
5,11,352,1
1,7,0,1
6,15,316,1
4,11,346,1
1,10,337,1
3,16,331,1
2,9,971,1
9,11,485,1
1,7,486,1
105,2,995,2
1,9,352,1
7,18,377,1
3,14,557,1
3,12,337,1
2,12,334,1
1,19,393,1
1,21,485,1
2,16,321,1
16,15,337,1
4,12,961,1
1,15,313,1
1,1,961,1
2,20,336,1
2,21,485,1
3,19,322,1
2,7,336,1
2,16,336,1
1,20,633,1
5,14,336,1
5,11,352,1
9,11,491,1
2,17,407,1
2,17,485,1
3,13,336,1
8,17,336,1
5,10,352,1
6,16,336,1
2,8,336,1
2,21,352,1
3,11,335,1
2,12,336,1
2,14,491,1
2,11,336,1
1,12,336,1
3,8,229,1
14,11,336,1
6,14,336,1
2,18,336,1
1,13,333,1
1,15,450,1
1,15,336,1
13,11,322,1
11,8,393,1
1,20,337,1
8,10,336,1
6,9,346,1
4,13,346,1
7,15,336,1
2,12,331,1
1,5,535,1
2,15,336,1
6,11,336,1
1,18,333,1
1,15,339,1
4,16,349,1
5,18,336,1
4,15,351,1
1,12,336,1
32,11,442,1
10,23,336,1
13,19,351,1
2,23,336,1
12,11,244,1
2,10,336,1
4,9,464,1
2,17,312,1
2,16,336,1
12,10,485,1
3,17,331,1
3,7,336,2
4,16,331,1
1,15,316,1
1,19,339,1
13,1,297,2
5,10,336,1
2,20,336,1
1,7,346,1
16,12,417,1
8,8,336,1
4,12,336,1
1,21,438,2
2,19,335,1
1,16,334,1
3,17,322,1
2,15,491,1
2,18,346,1
1,6,442,1
3,16,336,1
10,15,336,1
2,12,336,1
2,10,442,1
11,20,122,1
2,19,221,1
2,9,498,1
2,12,336,1
1,14,322,1
43,10,407,1
28,20,213,1
2,13,336,1
5,21,488,1
5,19,336,1
14,13,336,1
2,18,377,1
3,0,336,1
2,19,334,1
2,11,337,1
4,18,336,1
2,19,148,1
1,7,334,1
2,19,655,1
6,7,923,2
2,17,351,1
2,7,336,1
1,20,336,1
2,17,393,1
2,13,336,1
2,12,336,1
3,11,331,1
1,19,337,1
2,9,485,1
17,23,393,1
2,7,346,1
1,9,223,1
31,8,297,1
4,13,336,1
2,21,336,1
4,18,521,1
48,23,223,1
2,17,971,1
1,10,336,1
2,10,225,1
2,13,318,1
4,5,336,1
2,21,487,1
1,14,441,1
3,15,311,1
26,20,213,1
2,14,482,1
1,22,336,1
3,18,324,1
1,22,665,1
1,11,485,1
14,13,321,1
2,8,352,1
2,16,316,1
2,14,336,1
2,8,223,1
1,11,336,1
3,14,223,1
1,11,336,1
1,11,336,1
9,15,322,1
1,11,331,1
7,17,442,1
14,1,960,2
1,13,171,1
7,9,331,1
65,19,349,1
2,14,491,1
1,8,491,1
4,9,331,1
1,16,190,1
4,20,961,1
2,19,346,1
2,18,336,1
7,15,334,1
6,20,336,1
2,16,337,1
1,18,971,1
2,19,336,1
1,10,485,1
2,8,336,1
5,11,336,1
2,10,351,1
2,12,336,1
6,19,336,1
7,14,491,1
2,20,337,1
1,23,642,1
14,18,336,1
4,12,336,1
24,9,336,1
1,0,223,1
2,17,346,1
3,12,336,1
2,17,335,1
2,9,346,1
2,18,336,1
3,11,0,1
2,21,324,1
1,18,485,1
2,10,516,1
2,14,336,1
4,16,335,1
2,23,336,1
2,16,346,1
1,21,407,1
2,16,221,1
2,17,336,1
4,23,967,1
10,20,336,1
1,16,500,1
2,8,336,1
4,15,336,1
2,11,336,1
7,10,331,1
2,10,337,1
4,20,352,1
1,16,336,1
2,16,485,1
2,22,349,1
2,17,324,1
1,9,324,1
1,16,333,1
3,16,967,1
1,8,0,1
2,12,248,1
1,16,447,1
2,20,482,1
1,12,442,1
1,21,223,1
2,10,435,1
2,23,486,1
1,9,312,1
1,8,336,1
1,8,486,1
1,20,336,1
3,14,336,1
4,16,346,1
2,17,334,1
7,17,336,1
5,1,324,1
1,11,276,1
1,16,336,1
1,14,0,1
2,2,375,1
2,14,335,1
14,14,336,1
2,19,351,1
1,16,417,1
1,19,229,1
11,13,337,1
2,13,336,1
1,19,165,1
2,15,336,1
4,17,336,1
1,13,336,1
1,12,331,1
1,16,393,1
2,11,312,1
1,13,337,1
2,17,371,1
2,17,316,1
4,16,485,1
2,21,352,1
7,12,336,1
2,16,346,1
3,10,336,1
1,16,326,1
5,13,187,1
3,17,336,1
1,9,421,1
3,16,221,1
1,15,324,1
2,15,336,1
30,3,297,1
34,21,252,1
1,13,336,1
13,18,334,1
12,11,487,1
2,16,336,1
1,15,337,1
2,19,252,2
6,10,333,1
2,10,336,1
1,18,331,1
4,10,336,1
2,0,336,1
1,16,324,1
2,9,332,1
2,18,324,1
4,16,485,1
1,15,346,1
2,12,331,1
2,16,346,1
2,13,485,1
2,15,590,1
3,3,346,1
1,9,324,1
1,17,336,1
2,22,485,1
1,13,212,1
1,12,421,1
12,20,336,1
4,19,486,1
1,18,324,1
6,10,220,1
2,21,393,1
9,7,336,1
12,10,337,1
2,6,331,1
2,8,324,1
2,14,335,1
200,2,263,2
4,20,271,1
2,16,336,1
2,11,316,1
1,20,919,1
4,15,336,1
1,15,121,1
5,10,336,1
1,12,888,1
3,5,336,1
1,20,486,1
12,18,331,1
49,1,235,2
3,9,442,1
9,9,324,1
48,22,263,2
1,9,248,1
19,2,537,1
1,10,231,1
1,17,442,1
3,10,313,1
3,20,336,1
4,11,336,1
11,19,486,1
8,18,213,1
2,10,414,1
1,19,336,1
15,20,370,1
18,14,336,1
4,18,336,1
3,13,336,1
4,18,491,1
1,16,335,1
1,14,337,1
13,17,421,1
7,10,336,1
16,14,178,1
5,22,223,1
14,20,336,1
4,19,336,1
2,15,485,1
5,20,332,1
6,17,348,1
2,7,486,1
113,7,297,1
2,20,336,1
17,18,351,1
7,15,485,1
1,21,339,1
2,16,360,1
4,13,349,1
4,9,334,1
3,21,482,1
7,18,336,1
2,18,335,1
9,9,331,1
6,12,336,1
13,10,336,1
1,17,337,1
1,18,961,1
2,0,178,1
4,13,212,1
84,22,235,1
1,12,324,1
1,9,521,1
2,16,336,1
2,22,331,1
1,20,888,1
1660,12,235,2
1,17,324,1
14,2,220,2
1,17,487,1
26,2,226,2
1,17,346,1
21,21,336,1
2,13,335,1
1,19,336,1
2,13,336,1
10,13,336,1
5,15,131,1
1,18,482,1
8,13,336,1
1,10,966,1
1,13,336,1
2,14,337,1
3,14,336,1
2,0,336,1
3,12,336,1
2,13,642,1
3,3,346,1
6,17,322,1
123,10,502,2
22,1,224,1
2,23,346,1
2,12,393,1
2,15,447,1
3,9,336,1
1,15,336,1
101,20,263,1
8,23,243,2
105,21,375,1
5,8,500,1
1,16,226,1
1,7,331,1
4,0,324,1
44,21,336,1
3,13,336,1
1,20,888,1
2,18,393,1
2,12,336,1
2,16,390,1
2,8,491,1
2,9,336,1
2,9,324,1
5,11,485,1
36,13,223,1
1,9,390,1
22,15,331,1
7,11,337,1
3,14,336,1
2,14,324,1
4,17,333,1
2,10,336,1
5,10,322,1
2,8,336,1
2,11,421,1
11,16,339,1
4,10,485,1
1,7,336,1
2,18,336,1
2,19,407,1
11,19,334,1
4,10,487,1
1,17,160,1
1,17,337,1
6,2,337,2
1,8,336,1
2,13,262,1
1,8,336,1
11,18,487,1
4,14,346,1
2,21,0,1
5,11,336,1
7,18,441,1
2,16,312,1
11,12,486,1
3,12,336,1
2,16,346,1
1,12,336,1
5,19,336,1
3,18,447,1
2,14,0,1
2,9,336,1
2,20,324,1
2147,13,235,2
2,15,336,1
7,15,336,1
1,13,324,1
1,11,337,1
2,15,336,1
3,19,485,1
2,15,331,1
5,21,421,1
1,19,525,1
2,11,346,1
14,11,336,1
3,9,322,1
1,18,336,1
1,5,256,1
8,17,336,1
2,9,377,1
2,13,352,1
2,18,339,1
5,15,331,1
1,10,390,1
1,20,417,1
2,16,332,1
2,6,336,1
5,10,331,1
3,21,336,1
3,22,331,1
4,12,336,1
10,17,336,1
2,17,324,1
11,18,336,1
4,14,331,1
3,21,447,1
3,19,335,1
4,21,336,1
2,9,407,1
1,19,346,1
1,19,221,1
13,19,332,1
10,8,212,1
2,13,349,1
15,21,336,1
2,13,331,1
1,1,618,1
10,19,967,1
2,10,491,1
2,16,447,1
3,12,336,1
41,3,297,1
1,17,336,1
2,15,485,1
3,11,336,1
17,19,346,1
3,17,349,1
121,4,297,1
19,20,337,1
1,14,222,1
1,9,966,1
2,18,486,1
4,23,336,1
1,17,190,1
9,19,336,1
2,20,485,1
1,21,336,1
13,13,486,1
2,8,336,1
3,7,336,1
5,11,339,1
2,11,336,1
2,9,328,1
1,12,262,1
3,18,346,1
4,13,336,1
6,14,421,1
2,12,590,1
2,12,486,1
1,20,485,1
2,21,336,1
4,16,442,1
3,15,498,1
7,15,336,1
7,9,336,1
4,20,223,1
2,9,336,1
2,12,336,1
11,22,336,1
1,8,334,1
2,13,334,1
1,10,324,1
5,19,336,1
1,9,333,1
2,19,324,1
34,12,223,1
2,6,336,1
5,13,336,1
1,16,971,1
46,7,375,1
8,12,336,1
3,19,278,1
3,4,336,1
4,14,349,1
1,21,216,1
2,19,447,1
4,15,481,1
2,2,225,1
4,21,336,1
4,18,336,1
8,18,336,1
4,14,331,1
3,8,349,1
1,2,336,1
2,9,336,1
2,16,346,1
7,11,336,1
3,19,485,1
2,17,324,1
1,15,331,1
1,12,642,1
1,9,336,1
2,11,485,1
1,14,0,1
2,17,486,1
1,19,346,1
1,18,324,1
13,12,336,1
2,11,346,1
5,12,593,1
1,8,971,1
6,12,336,1
1,10,248,1
2,11,324,1
54,5,593,1
2,14,262,1
3,16,336,1
4,10,324,1
5,11,336,1
10,10,324,1
20,22,370,2
1,18,337,1
2,1,530,1
1,21,336,1
3,11,452,1
4,18,346,1
6,10,351,1
1,9,212,1
2,15,314,1
7,18,485,1
1,12,336,1
9,6,407,1
2,16,336,1
1,15,336,1
4,14,336,1
2,7,337,1
2,10,961,1
2,13,336,1
2,12,336,1
2,22,336,1
7,20,336,1
2,20,335,1
2,18,336,1
4,12,316,1
23,14,336,1
2,19,486,1
6,9,337,1
3,2,336,1
2,22,346,1
2,16,336,1
3,13,248,1
1,10,331,1
17,11,349,1
3,19,485,1
2,19,491,1
2,16,349,1
4,21,337,1
2,16,486,1
11,20,336,1
15,20,335,1
2,10,324,1
4,12,0,1
2,9,352,1
11,20,336,1
1,14,334,1
1,20,337,1
2,20,487,1
1,22,223,1
27,21,213,2
6,9,333,1
2,9,336,1
1,9,336,1
2,10,222,1
1,12,417,1
11,7,336,1
2,18,336,1
1,4,248,2
21,3,375,1
12,7,336,1
4,13,349,1
2,10,417,1
2,17,486,1
30,19,213,2
1,16,780,1
4,7,336,1
1,12,331,1
1,14,212,1
2,21,487,1
2,20,242,1
1,12,336,1
5,15,485,1
2,22,336,1
2,15,336,1
1,13,552,1
21,20,336,1
1,19,224,1
2,7,971,1
2,8,336,1
2,10,467,1
1,22,228,1
5,18,336,1
1,18,417,1
10,20,336,1
2,17,336,1
2,20,336,1
2,14,339,1
1,10,328,1
1,16,225,1
1,15,318,1
2,15,337,1
3,2,336,1
2,11,336,1
7,2,378,2
2,21,336,1
1,20,642,1
3,15,223,1
5,4,537,1
1,0,224,1
3,4,393,2
1,13,482,1
2,9,336,1
2,20,393,1
2,13,421,1
2,17,321,1
4,12,485,1
2,8,324,1
2,11,225,1
2,14,336,1
2,21,337,1
1,15,337,1
11,14,336,1
2,11,336,1
5,9,331,1
112,1,297,2
1,9,336,1
1,7,312,1
1,15,201,1
1,19,242,1
3,8,487,1
29,20,223,1
2,20,336,1
10,0,371,1
3,11,336,1
8,11,336,1
3,12,336,1
9,15,352,1
3,22,0,1
2,16,352,1
4,22,409,2
8,10,346,1
17,10,0,1
3,14,336,1
1,18,190,1
2,16,223,1
1,12,324,1
1,9,0,1
2,19,331,1
1,11,331,1
2,14,486,1
1,16,336,1
2,14,331,1
1,15,336,1
1,23,225,1
3,10,336,1
15,16,336,1
12,11,441,1
1,17,497,1
1,10,678,1
6,22,336,1
6,0,336,1
1,17,0,1
2,13,336,1
1,22,371,2
2,12,312,1
2,17,487,1
1,20,421,1
6,12,487,1
2,20,336,1
2,19,421,1
1,19,336,1
2,9,331,1
2,20,337,1
7,19,336,1
4,18,487,1
5,19,485,1
3,17,237,1
1,14,337,1
3,21,316,1
4,21,489,1
2,13,487,1
43,8,297,1
1,13,336,1
10,15,331,1
4,9,336,1
1,16,590,1
1,23,331,1
6,17,336,1
1,16,337,1
1,22,337,1
1,17,336,1
3,14,336,1
1,21,324,1
27,15,331,1
3,19,485,1
2,13,336,1
1,21,336,1
1,14,334,1
2,9,336,1
5,9,0,1
24,1,224,1
1,6,336,1
2,8,223,1
6,14,223,1
6,21,337,1
2,23,346,1
2,22,334,1
2,16,521,1
9,1,221,1
6,10,336,1
11,19,225,1
2,17,324,1
2,11,336,1
3,18,485,1
8,7,336,1
1,9,393,1
2,14,331,1
3,17,237,1
1,17,447,1
1,19,346,1
2,19,336,1
4,15,331,1
1,23,346,1
24,13,349,1
15,14,336,1
1,11,248,1
2,14,324,1
2,4,336,1
1,13,337,1
2,14,393,1
1,12,0,1
1,9,336,1
10,15,349,1
1,17,393,1
2,18,336,1
3,14,0,1
2,16,346,1
6,20,346,1
1,12,336,1
2,7,212,1
2,20,485,1
14,15,336,1
2,14,336,1
80,13,537,2
6,22,331,1
4,12,312,1
8,18,336,1
6,10,336,1
1,10,962,1
2,11,336,1
4,20,337,1
4,14,331,1
1,23,225,1
3,10,417,1
2,14,324,1
2,17,334,1
6,10,482,1
3,9,416,1
1,19,393,1
1,16,333,1
1,19,324,1
1,18,336,1
1,3,337,1
10,16,336,1
2,13,339,1
2,5,225,1
1,19,961,1
2,18,349,1
1,14,336,1
3,0,0,1
5,19,336,1
2,8,336,1
4,11,223,1
76,0,297,2
6,22,337,1
2,15,336,1
2,9,678,1
1,13,336,1
2,12,222,1
2,22,336,1
3,8,337,1
13,19,336,1
1,5,216,1
25,21,487,1
2,13,324,1
1,11,336,1
6,14,324,1
2,22,393,1
18,17,336,1
2,7,336,1
2,17,678,1
142,4,537,1
1,17,0,1
4,9,485,1
2,11,336,1
4,22,336,1
12,10,0,1
4,16,346,1
2,16,352,1
22,5,537,2
12,7,0,1
8,18,336,1
7,11,351,1
2,6,346,1
5,21,178,1
1,14,336,1
2,23,336,1
6,13,331,1
1,14,151,1
2,20,447,1
2,13,336,1
2,22,485,1
4,11,336,1
1,12,336,1
8,9,336,1
2,23,421,1
6,12,336,1
7,1,331,1
1,19,336,1
1,9,225,1
6,12,485,1
1,11,316,1
3,22,225,1
1,15,676,1
1,8,213,1
1,9,525,1
2,12,336,1
72,4,504,2
10,19,336,1
2,13,336,1
20,13,348,2
2,12,393,1
2,18,336,1
1,15,352,1
1,6,336,1
2,21,324,1
5,17,140,1
1,14,393,1
1,21,487,1
5,19,336,1
1,10,500,1
9,15,337,1
2,10,324,1
9,17,349,1
1,17,492,1
2,15,393,1
2,0,336,1
3,2,324,1
17,16,333,1
2,7,335,1
5,20,336,1
3,13,336,1
2,11,331,1
2,14,447,1
1,0,336,1
2,10,191,1
3,16,237,1
2,14,352,1
1,14,393,1
6,22,676,1
34,20,252,1
2,11,336,1
1,15,336,1
1620,11,235,2
7,21,336,1
5,14,336,1
25,22,252,1
1,21,247,2
12,22,372,2
1,19,336,1
2,15,331,1
1,14,346,1
1,14,223,1
3,14,486,1
7,10,336,1
2,21,352,1
6,13,349,1
1,17,242,1
2,9,491,1
2,21,393,1
4,22,250,1
2,14,417,1
2,13,315,1
27,14,336,1
2,18,352,1
7,10,336,1
4,3,223,1
2,6,336,1
1,22,961,1
2,19,346,1
4,20,323,1
2,11,393,1
2,1,324,1
12,20,336,1
1,17,336,1
1,21,346,1
22,14,336,1
1,12,336,1
2,19,324,1
2,13,421,1
2,17,334,1
1,9,336,1
2,16,336,1
1,14,491,1
12,14,336,1
2,18,485,1
1,9,852,1
1,13,337,1
26,1,850,2
3,13,485,1
1,10,491,1
80,14,336,1
25,11,223,1
1,19,443,1
7,13,336,1
2,17,324,1
2,16,393,1
2,13,221,1
3,16,485,1
2,3,336,1
5,12,339,1
1,15,390,1
1,18,337,1
1679,3,235,2
1,13,571,1
1,12,336,1
2,19,521,1
2,11,262,1
2,15,486,1
22,16,225,1
5,10,500,1
4,15,131,1
7,15,336,1
9,16,336,1
1,17,324,1
6,14,336,1
7,0,336,1
2,18,352,1
3,15,316,1
2,16,331,1
2,12,336,1
2,9,191,1
2,7,336,1
3,22,336,1
7,10,313,1
1,7,346,1
18,7,336,1
2,11,642,1
1,5,485,1
7,11,336,1
2,9,324,1
6,18,336,1
7,11,336,1
9,11,336,1
1,5,337,1
17,19,336,1
3,20,393,1
2,11,333,1
2,12,443,1
6,11,336,1
1,4,336,1
1,14,390,1
2,18,336,1
9,17,331,1
7,18,349,1
1,12,336,1
2,20,346,1
1,16,324,1
1,20,0,1
2,11,175,1
2,17,331,1
3,9,336,1
24,22,248,2
2,16,491,1
5,14,216,1
44,3,297,2
2,9,398,1
6,18,339,1
1,10,682,1
2,11,486,1
2,18,336,1
2,12,132,1
4,9,346,1
4,14,312,1
8,23,244,1
2,21,336,1
4,10,336,1
2,19,485,1
15,11,336,1
5,10,225,1
1,8,407,1
2,15,336,1
2,12,656,1
1,13,324,1
6,10,336,1
2,10,650,1
4,17,333,1
2,7,336,1
2,20,120,1
5,16,336,1
7,23,336,1
1,0,336,1
1,8,312,1
1,9,336,1
2,17,262,1
1,21,421,1
4,19,336,1
3,12,337,1
4,16,352,1
42,2,248,2
3,9,336,1
4,18,336,1
1,16,324,1
7,0,371,1
6,14,549,1
4,18,334,1
3,11,495,1
2,0,223,1
3,11,336,1
8,13,336,1
29,9,0,1
3,16,336,1
3,0,216,1
5,12,336,1
2,14,672,1
1,10,485,1
3,8,346,1
2,13,336,1
20,22,252,1
1,10,334,1
1,13,336,1
2,15,491,1
2,14,487,1
1,8,486,1
2,11,336,1
10,14,485,1
3,9,485,1
4,10,678,1
6,14,336,1
3,22,324,1
1,18,336,1
1,18,228,1
1,19,346,1
4,13,337,1
2,13,390,1
1,1,0,1
4,20,336,1
2,10,225,1
2,7,222,1
2,8,485,1
11,20,336,1
1,12,337,1
2,7,500,1
12,22,213,2
1,0,336,1
20,18,322,1
19,10,336,1
2,16,393,1
4,15,346,1
1,17,0,1
1,10,216,1
3,2,336,1
4,9,482,1
1,10,416,1
2,12,346,1
2,19,960,2
2,12,0,1
1,11,221,1
3,9,417,1
1,15,331,1
2,15,346,1
3,23,346,1
1,17,349,1
1,21,779,2
1,12,336,1
40,13,373,2
1,9,962,1
2,15,346,1
1,17,393,1
1,15,331,1
2,13,337,1
2,10,486,1
6,12,336,1
2,21,337,1
2,10,262,1
2,13,971,1
5,11,223,1
1,9,336,1
2,16,336,1
1,19,336,1
1,15,336,1
2,15,216,1
3,12,336,1
9,8,417,1
1,10,336,1
8,16,336,1
4,15,336,1
2,14,421,1
2,22,485,1
8,20,331,1
4,16,421,1
6,13,447,1
1,10,331,1
4,17,336,1
4,19,346,1
12,15,216,2
2,11,485,1
1,22,336,1
2,16,491,1
2,19,346,1
4,21,333,1
31,20,372,2
4,21,336,1
2,15,336,1
1,9,161,1
2,21,336,1
2,9,336,1
7,11,337,1
3,16,485,1
4,23,336,1
2,13,333,1
2,17,213,1
1,11,336,1
1,15,346,1
9,10,336,1
1,10,0,1
8,17,486,1
1,16,331,1
4,12,333,1
2,13,336,1
10,11,316,1
1,20,336,1
26,18,421,1
1,16,336,1
3,9,337,1
2,18,487,1
124,2,297,1
2,12,324,1
9,10,491,1
3,18,348,1
4,21,332,1
9,16,349,1
4,12,336,1
6,13,312,1
2,22,346,1
2,22,488,1
4,12,346,1
1,7,337,1
10,17,351,1
3,17,335,1
8,17,336,1
1,20,132,1
1,11,261,1
4,8,336,1
2,15,351,1
1,20,491,1
15,20,346,1
3,16,336,1
2,18,390,1
2,18,346,1
2,11,336,1
3,22,336,1
1,9,678,1
1,15,331,1
26,23,372,2
2,21,339,1
25,12,349,1
3,18,324,1
2,14,352,1
8,9,336,1
2,12,336,1
4,11,0,1
7,18,346,1
1,14,407,1
17,19,333,1
1,16,297,1
2,11,336,1
1,9,0,1
1,11,331,1
3,11,337,1
1,13,336,1
3,15,337,1
1,14,337,1
5,6,336,1
6,11,352,1
5,19,485,1
2,21,485,1
7,14,331,1
22,7,485,1
18,6,336,1
18,13,336,1
2,15,324,1
1,18,262,1
1,15,323,1
17,11,336,1
5,14,337,1
2,12,331,1
10,6,336,1
2,9,336,1
1,8,346,1
20,9,212,1
13,14,331,1
2,15,223,1
1,18,590,1
2,16,262,1
13,18,486,1
1,22,487,1
2,18,336,1
2,11,336,1
1,15,334,1
23,18,223,1
3,21,336,1
25,22,252,1
5,17,971,1
3,13,352,1
396,21,263,2
3,15,336,1
24,18,336,1
2,17,336,1
3,20,346,1
13,12,336,1
26,12,336,1
4,18,346,1
1,12,971,1
90,9,534,2
1,16,0,1
1,12,336,1
1,17,331,1
2,10,336,1
2,18,393,1
1,5,590,1
4,18,642,1
2,11,336,1
9,19,336,1
4,18,213,1
13,17,336,1
3,13,407,1
2,5,534,1
6,11,336,1
7,14,393,1
2,12,324,1
2,18,336,1
2,11,324,1
9,18,349,1
2,15,336,1
2,20,336,1
1,9,346,1
1,9,971,1
3,0,336,1
4,16,331,1
6,15,336,1
1,8,231,1
9,18,336,1
2,22,223,1
2,12,237,1
46,18,336,1
7,19,336,1
1,7,336,1
41,23,235,2
3,11,331,1
16,15,331,1
3,20,212,1
6,9,349,1
17,18,442,1
31,19,244,1
143,12,336,1
2,19,201,1
2,8,337,1
1,16,225,1
10,12,486,1
6,19,373,2
2,15,336,1
3,13,336,1
1,12,339,1
10,18,349,1
1,13,124,1
4,16,331,1
2,9,336,1
2,18,486,1
2,11,336,1
2,20,393,1
1,10,332,1
2,23,346,1
2,16,447,1
14,17,312,1
4,14,312,1
4,11,338,1
7,20,485,1
2,8,485,1
3,12,336,1
4,19,186,1
2,8,336,1
2,9,346,1
35,5,235,2
4,11,961,1
1,11,336,1
1,14,332,1
4,15,336,1
1,18,325,1
1,13,336,1
3,15,487,1
3,10,336,1
3,18,336,1
4,18,336,1
21,18,335,1
3,11,334,1
2,13,447,1
2,17,336,1
3,11,336,1
1,18,336,1
2,20,349,1
2,8,328,1
1,15,0,1
1,15,331,1
2,22,257,1
2,21,487,1
2,9,336,1
2,13,213,1
3,20,491,1
1,12,336,1
9,2,346,1
8,20,336,1
3,19,337,1
8,20,336,1
3,14,336,1
2,14,250,1
3,19,336,1
2,9,486,1
1,13,0,1
26,22,336,1
2,11,332,1
4,16,485,1
2,9,336,1
3,14,336,1
5,16,334,1
2,8,336,1
1,8,333,1
3,11,441,1
2,18,421,1
3,7,336,1
4,20,316,1
2,20,324,1
15,11,334,1
10,12,417,1
5,12,336,1
1,17,336,1
2,10,485,1
1,16,223,1
13,9,336,1
2,21,336,1
2,17,336,1
1,1,316,1
2,9,966,1
1,14,336,1
1,19,0,1
6,17,346,1
2,16,316,1
2,17,336,1
4,13,346,1
12,22,533,2
2,15,324,1
1,17,336,1
1,17,528,1
1,16,336,1
2,16,331,1
4,21,336,1
6,21,131,1
7,17,337,1
2,10,324,1
2,9,336,1
13,17,485,1
11,21,407,1
2,21,349,1
1,18,485,1
4,17,421,1
1,14,331,1
4,13,334,1
1,17,237,1
2,12,336,1
1,9,420,1
2,0,336,1
7,12,336,1
1,14,225,1
1,22,971,1
2,17,337,1
4,19,336,1
2,15,336,1
1,18,336,1
2,9,487,1
3,21,224,2
1,15,346,1
2,14,336,1
2,18,491,1
10,19,331,1
141,5,537,1
2,10,333,1
4,15,486,1
4,10,336,1
2,8,481,1
3,21,223,1
26,18,337,1
4,19,170,1
50,6,375,1
2,15,417,1
6,12,349,1
50,15,336,1
16,11,421,1
2,11,335,1
1,10,352,1
2,12,336,1
3,9,222,1
2,15,336,1
2,17,346,1
3,0,225,1
52,2,257,2
7,22,336,1
1,10,336,1
1,19,346,1
3,10,346,1
1,11,346,1
3,9,336,1
12,19,336,1
7,18,352,1
8,21,235,1
2,7,336,1
2,21,351,1
2,17,346,1
12,14,337,1
1,15,0,1
2,19,336,1
1,13,349,1
1,20,332,1
2,13,336,1
2,9,333,1
2,12,336,1
2,11,336,1
1,14,324,1
10,8,534,2
4,8,336,1
1,11,861,1
1,19,120,1
1,22,482,1
2,15,447,1
1,16,132,1
1,16,331,1
19,21,336,1
1,23,421,1
1,8,421,1
3,10,336,1
1,12,336,1
2,22,336,1
1,18,346,1
4,11,331,1
1,20,336,1
2,10,336,1
7,16,336,1
1,19,331,1
1,2,334,1
1,19,225,1
1,17,333,1
3,21,331,1
13,20,487,1
2,11,324,1
1,12,336,1
1,10,323,1
1,10,337,1
6,18,421,1
1,11,346,1
1,9,336,1
2,8,312,1
18,15,336,1
2,23,225,1
1,10,407,1
2,14,242,1
1,10,222,1
1,23,336,1
7,15,336,1
1,16,336,1
2,15,487,1
3,9,352,1
68,10,502,2
10,5,677,1
1,15,447,1
109,6,297,1
12,5,537,1
4,12,327,1
1,12,331,1
6,17,336,1
5,16,337,1
5,15,336,1
5,17,485,1
6,15,336,1
4,18,336,1
5,11,485,1
2,9,0,1
2,14,324,1
7,10,324,1
119,15,336,1
1,15,223,1
3,9,336,1
12,19,334,1
2,20,417,1
3,19,262,1
2,16,316,1
2,16,485,1
1,14,390,1
1,12,0,1
1,17,336,1
2,11,421,1
1,22,216,1
1,15,337,1
2,18,487,1
2,16,336,1
1,20,362,1
3,21,223,1
2,19,336,1
4,16,336,1
2,12,336,1
2,23,485,1
2,14,336,1
3,6,336,1
2,11,334,1
1,16,352,1
10,16,186,1
4,16,331,1
2,17,346,1
1,20,324,1
25,4,537,2
1,9,237,1
4,17,349,1
2,17,223,1
6,10,336,1
1,15,971,1
3,12,324,1
10,20,336,1
2,14,491,1
1,17,334,1
1,14,333,1
4,14,335,1
2,8,393,1
1,21,393,1
1,15,336,1
5,11,336,1
4,22,381,2
2,15,336,1
2,22,346,1
5,21,336,1
4,14,336,1
4,19,346,1
1,22,337,1
1,2,337,1
3,15,336,1
4,12,262,1
1,17,337,1
2,18,888,1
2,17,312,1
2,13,487,1
1,12,393,1
1,11,336,1
6,16,336,1
2,21,346,1
2,20,486,1
21,19,252,2
1,21,336,1
2,15,223,1
4,17,336,1
2,12,485,1
2,15,216,1
1,10,336,1
2,13,336,1
2,13,233,1
1,9,485,1
3,16,442,1
2,8,324,1
9,20,213,1
4,18,336,1
1,15,312,1
18,22,336,1
1,14,336,1
2,15,346,1
3,11,336,1
2,16,487,1
5,10,336,1
1,16,201,1
2,19,225,1
26,16,244,1
2,13,421,1
1,11,233,1
2,10,486,1
4,21,331,1
2,19,393,1
10,11,331,1
1,17,336,1
2,13,336,1
2,10,190,1
2,10,336,1
1,17,336,1
17,18,336,1
2,16,0,1
4,16,491,1
2,16,491,1
1,19,917,1
4,10,336,1
1,21,346,1
1,14,336,1
2,13,324,1
2,13,349,1
9,14,482,1
2,18,351,1
1,15,336,1
2,19,486,1
6,11,861,1
4,16,336,1
3,9,336,1
3,21,336,1
1,14,336,1
1,13,336,1
34,16,336,1
1,19,336,1
20,13,336,1
2,23,336,1
2,17,346,1
1,13,336,1
2,10,346,1
1,11,216,1
1,0,225,1
2,18,336,1
1,18,486,1
2,21,337,1
1,19,407,1
2,23,237,1
3,17,336,1
4,23,336,1
3,15,262,1
13,16,346,1
2,22,486,1
4,16,337,1
6,14,346,1
4,20,334,1
1,13,0,1
2,15,331,1
4,19,485,1
18,10,441,1
2,13,487,1
2,15,349,1
5,17,336,1
4,13,331,1
6,10,349,1
10,14,487,1
1,13,336,1
10,12,336,1
3,17,486,1
1,9,336,1
2,15,213,2
32,23,334,1
4,20,377,1
15,19,0,1
5,16,421,1
3,9,336,1
3,21,336,1
9,9,861,1
3,16,337,1
6,3,336,1
5,21,336,1
2,12,336,1
2,13,485,1
1,9,336,1
6,14,336,1
1,20,334,1
2,9,336,1
2,12,336,1
2,9,336,1
7,9,336,1
1,7,225,1
2,11,336,1
3,12,486,1
3,17,346,1
2,10,336,1
2,21,393,1
2,14,331,1
2,17,312,1
1,17,324,1
1,17,336,1
1,20,221,1
13,19,346,1
6,17,500,1
8,10,349,1
1,19,905,1
2,18,352,1
5,12,336,1
2,12,335,1
2,19,336,1
2,15,487,1
2,19,352,1
8,0,351,1
3,13,486,1
3,12,961,1
2,14,336,1
15,20,336,1
12,5,297,2
2,13,336,1
13,22,213,2
2,6,336,1
2,21,223,1
1,18,390,1
6,17,349,1
3,16,170,1
2,10,313,1
1,1,331,1
10,12,322,1
2,17,336,1
1,17,337,1
2,16,351,1
1,12,331,1
1,11,417,1
2,14,349,1
1,9,905,1
7,23,221,1
1,11,336,1
2,17,349,1
15,18,346,1
2,15,335,1
1,15,336,1
6,15,0,1
10,18,349,1
16,15,336,1
1,9,963,1
1,11,339,1
4,12,551,1
2,0,336,1
2,14,336,1
6,11,339,1
20,13,336,2
6,20,336,1
6,13,336,1
1,11,447,1
1,4,416,1
1,15,337,1
7,20,346,1
3,0,373,1
2,10,334,1
2,14,491,1
1,14,324,1
6,11,334,1
3,17,336,1
3,7,324,1
4,16,336,1
1,16,417,1
5,10,336,1
4,18,336,1
35,20,421,1
1,19,336,1
4,4,235,2
3,15,336,1
5,12,334,1
7,12,336,1
6,10,336,1
5,16,485,1
4,13,331,1
1,14,336,1
6,17,336,1
2,17,337,1
6,14,338,1
8,16,336,1
4,23,332,1
8,12,338,1
2,16,331,1
2,15,336,1
1,23,336,1
4,16,967,1
2,19,336,1
3,12,961,1
8,9,312,1
12,21,331,1
10,15,336,1
3,20,447,1
2,16,346,1
260,1,252,2
4,16,331,1
5,19,186,1
4,18,393,1
2,13,312,1
3,10,336,1
3,11,0,1
2,13,331,1
1,2,224,1
1,10,337,1
2,10,336,1
1,19,333,1
2,14,352,1
2,11,337,1
2,17,346,1
1,18,447,1
10,9,486,1
2,12,337,1
1,15,346,1
2,14,121,1
2,18,339,1
3,18,336,1
2,20,485,1
2,20,346,1
2,19,336,1
1,1,225,1
3,17,334,1
1,19,336,1
1,14,336,1
2,12,346,1
8,12,336,1
1,8,336,1
5,18,331,1
11,17,421,1
2,8,488,1
4,13,187,1
3,18,336,1
5,20,322,1
2,22,337,1
6,23,485,1
4,9,961,1
2,18,971,1
1,18,485,1
3,17,336,1
2,18,346,1
7,22,336,1
5,20,336,1
2,9,407,1
2,14,338,1
2,22,324,1
10,10,232,1
2,23,346,1
8,16,336,1
5,14,346,1
1,10,0,1
1,11,335,1
20,13,882,2
13,16,346,1
1,15,336,1
4,22,489,1
2,8,398,1
1,11,336,1
2,14,336,1
1,17,487,1
6,8,336,1
3,22,324,1
1,11,336,1
1,10,337,1
2,18,485,1
4,19,322,1
1,19,640,1
4,20,655,1
1,8,351,1
2,13,349,1
2,16,316,1
2,16,336,1
4,20,937,1
14,2,232,2
2,16,336,1
26,19,213,1
18,12,421,1
1,2,346,1
4,11,336,1
1,19,485,1
1,20,334,1
1,10,336,1
2,16,393,1
6,20,336,1
44,3,297,2
1,11,336,1
1,13,331,1
12,21,346,2
1,13,233,1
7,1,537,2
3,6,346,1
19,6,336,1
10,9,417,1
3,1,336,1
1,18,346,1
2,14,407,1
1,18,336,1
1,18,312,1
3,22,511,1
6,19,336,1
269,3,297,2
1,18,500,1
2,7,349,1
2,17,447,1
2,17,336,1
4,13,336,1
1,21,961,1
14,15,336,1
2,16,646,1
4,9,334,1
2,9,339,1
4,11,336,1
1,8,417,1
2,16,324,1
1,21,250,1
1,8,225,1
22,15,178,1
5,22,352,1
56,17,235,2
2,12,324,1
4,14,485,1
1,17,336,1
2,20,346,1
4,20,351,1
6,16,336,1
2,15,861,1
2,14,336,1
2,13,352,1
37,21,252,1
1,11,829,1
4,9,332,1
3,16,336,1
1,14,485,1
1,12,393,1
2,12,346,1
6,16,336,1
1,7,337,1
17,3,537,1
2,9,485,1
3,21,676,1
9,14,331,1
6,12,441,1
1,9,971,1
1,18,337,1
8,19,126,1
2,11,336,1
1,17,346,1
2,20,346,1
7,16,346,1
4,13,324,1
2,23,221,1
4,15,324,1
1,15,336,1
2,20,336,1
1,11,336,1
1,0,336,1
2,18,336,1
2,9,316,1
1,18,242,1
4,22,487,1
7,18,346,1
2,19,487,1
4,21,336,1
2,20,349,1
2,17,336,1
12,9,336,1
6,16,318,1
1,7,336,1
1,17,331,1
4,14,351,1
3,9,318,1
2,13,336,1
2,19,336,1
13,19,336,1
4,11,336,1
5,10,0,1
4,22,337,1
2,8,485,1
1,14,337,1
1,6,336,1
2,6,336,1
12,16,221,2
2,8,337,1
3,16,336,1
27,19,213,1
2,18,336,1
2,13,335,1
2,18,336,1
6,13,336,1
2,22,178,1
4,8,336,1
2,19,485,1
2,9,482,1
1,13,346,1
6,16,324,1
2,17,487,1
15,13,332,1
19,17,336,1
4,11,331,1
13,19,486,1
4,12,420,1
3,22,316,1
1,7,496,1
3,12,336,1
4,9,223,1
2,16,346,1
4,11,262,1
1,7,346,1
9,5,0,1
7,11,349,1
8,19,967,1
2,7,346,1
1,17,324,1
2,12,334,1
6,21,336,1
2,12,485,1
15,10,482,1
5,16,417,1
4,19,336,1
2,11,336,1
2,11,332,1
7,11,336,1
7,2,213,2
1,9,0,1
2,15,500,1
2,9,393,1
3,11,336,1
4,12,336,1
4,14,339,1
1,18,324,1
2,12,336,1
2,19,485,1
4,21,352,1
2,10,336,1
2,14,336,1
3,16,331,1
1,20,336,1
11,12,331,1
6,6,0,1
2,16,336,1
4,10,316,1
6,14,336,1
2,12,336,1
1,7,482,1
6,17,335,1
6,17,336,1
5,20,337,1
2,13,487,1
1,23,165,1
2,18,336,1
1,9,0,1
25,13,421,1
36,21,252,1
6,19,336,1
4,14,331,1
1,21,231,2
6,6,372,1
1,14,590,1
1,17,337,1
2,11,316,1
1,15,331,1
2,9,336,1
1,12,336,1
2,20,336,1
4,10,332,1
2,19,212,1
2,15,324,1
2,12,324,1
5,11,336,1
5,9,349,1
2,10,336,1
1,16,336,1
3,19,346,1
3,15,331,1
1,9,337,1
10,5,537,2
1,14,331,1
2,10,337,1
3,17,486,1
1,10,339,1
1,16,537,1
38,17,223,1
21,19,324,1
1,14,339,1
1,12,336,1
1,2,417,1
2,17,448,1
2,21,0,1
1,5,0,1
1,10,485,1
2,15,336,1
4,18,336,1
5,1,336,1
11,10,417,1
1,1,373,2
2,17,393,1
2,18,331,1
2,12,393,1
2,16,336,1
4,1,244,1
3,15,421,1
11,13,322,1
1,7,336,1
6,18,336,1
2,9,331,1
5,17,336,1
12,14,336,1
12,12,485,1
20,14,498,1
1,17,336,1
2,21,336,1
4,21,336,1
21,2,216,2
1,15,351,1
6,13,441,1
1,8,393,1
2,20,0,1
9,17,349,1
2,20,336,1
1,16,485,1
2,2,336,1
106,18,297,1
2,12,336,1
2,11,336,1
1,18,337,1
8,7,336,1
6,11,336,1
1,11,336,1
1,10,336,1
3,8,486,1
2,17,336,1
1,15,402,1
2,18,336,1
1,13,346,1
2,23,336,1
2,15,689,1
4,13,349,1
3,6,336,1
6,13,338,1
4,18,485,1
3,19,336,1
4,11,213,1
1,10,407,1
1,13,336,1
20,13,387,2
1,18,336,1
2,17,336,1
34,17,337,1
3,23,336,1
2,12,331,1
1,16,441,1
9,17,316,1
3,13,336,1
2,21,377,2
1,11,415,1
2,18,336,1
2,10,336,1
4,11,336,1
1,18,346,1
11,19,336,1
2,22,331,1
2,20,336,1
15,11,322,1
3,15,336,1
5,16,334,1
3,16,322,1
1,11,331,1
120,13,447,2
1,17,352,1
12,12,336,1
3,18,334,1
2,19,336,1
2,15,417,1
14,21,336,1
3,14,336,1
2,15,336,1
2,11,212,1
4,13,336,1
1,11,336,1
2,9,336,1
11,21,213,1
3,9,337,1
4,20,336,1
3,12,223,1
1,19,486,1
1,11,961,1
4,9,336,1
1,16,223,1
2,17,324,1
3,16,336,1
15,15,336,1
1,10,495,1
2,15,336,1
1,13,333,1
40,13,881,2
7,14,223,1
2,16,336,1
1,16,324,1
6,7,336,1
6,15,336,1
2,10,336,1
1,15,336,1
1,8,491,1
1,16,349,1
1,15,336,1
3,18,336,1
1,12,216,1
6,13,336,1
25,21,213,2
2,13,346,1
2,14,185,1
2,21,485,1
8,14,352,1
3,7,421,1
4,14,485,1
3,10,336,1
8,13,336,1
1,15,143,1
2,20,335,1
1,18,346,1
5,21,336,1
3,4,534,2
2,19,336,1
2,14,336,1
2,11,473,1
1,10,224,1
8,18,336,1
1,18,528,1
1,11,336,1
5,11,487,1
2,17,485,1
1,20,324,1
5,19,346,1
4,14,336,1
1,18,336,1
2,19,486,1
2,21,485,1
6,17,331,1
7,18,337,1
2,17,223,1
8,18,485,1
1,16,336,1
1,14,318,1
1,9,221,1
3,20,324,1
46,4,297,1
2,15,339,1
7,2,964,2
2,18,337,1
2,14,334,1
2,11,337,1
1,20,421,1
2,17,447,1
1,15,331,1
2,2,244,1
3,11,332,1
3,7,336,1
2,21,336,1
12,15,331,1
1,16,333,1
1,16,336,1
2,10,331,1
4,17,336,1
1,12,487,1
2,14,421,1
2,18,676,1
2,20,336,1
1,18,961,1
2,5,337,1
1,8,336,1
2,16,220,1
1,2,373,2
2,9,336,1
10,16,337,1
4,12,960,1
6,12,393,1
2,9,349,1
2,14,882,1
10,17,223,1
1,9,336,1
4,7,346,1
2,0,337,1
2,17,393,1
2,19,336,1
2,20,225,1
4,9,324,1
2,10,352,1
2,12,334,1
1,17,336,1
4,14,485,1
3,17,336,1
1,12,336,1
1,13,336,1
2,18,596,1
3,12,336,1
4,10,336,1
5,18,336,1
2,8,316,1
1,14,212,1
1,11,491,1
2,9,336,1
1,10,336,1
4,17,485,1
1,15,324,1
1,16,516,1
3,13,0,1
4,11,336,1
28,16,482,1
30,12,336,1
2,17,352,1
6,12,336,1
4,19,485,1
1,15,333,1
2,10,500,1
2,10,335,1
3,20,222,1
2,14,336,1
1,16,336,1
1,14,337,1
5,3,336,1
5,16,331,1
2,17,336,1
1,10,421,1
1,14,486,1
32,13,336,1
1,15,337,1
2,10,346,1
4,10,221,1
1,7,336,1
1,13,337,1
1,10,967,1
2,16,324,1
2,11,312,1
20,3,297,1
1,13,336,1
3,20,346,1
2,10,337,1
2,18,225,1
11,14,187,1
4,21,336,1
1,17,336,1
3,16,972,1
2,11,336,1
3,5,537,1
6,15,331,1
6,12,331,1
13,18,336,1
1,10,336,1
2,19,336,1
1,18,324,1
1,10,417,1
2,15,331,1
1,13,888,1
4,13,312,1
2,12,393,1
2,18,337,1
4,9,336,1
2,21,336,1
1,14,0,1
20,11,407,1
2,10,336,1
2,19,334,1
2,16,336,1
40,13,532,2
1,19,336,1
1,16,336,1
1,13,336,1
1,8,333,1
2,10,488,1
2,11,352,1
1,1,161,1
3,11,336,1
2,15,336,1
3,9,312,1
1,17,337,1
8,19,486,1
1,15,676,1
1,14,191,1
2,18,485,1
1,13,334,1
7,10,316,1
105,11,336,1
73,7,297,1
18,14,223,1
3,18,386,2
3,11,223,1
1,12,332,1
22,11,336,1
1,17,393,1
3,17,331,1
3,13,324,1
11,20,332,1
1,12,500,1
2,17,349,1
15,17,971,1
2,9,486,1
1,21,224,1
20,18,331,1
1,21,336,1
1,17,171,1
1,11,336,1
4,13,324,1
3,6,336,1
3,0,642,1
4,11,447,1
1,15,316,1
1,17,336,1
2,12,186,1
3,16,363,1
2,11,336,1
3,1,336,1
2,6,336,1
2,17,336,1
1,18,336,1
1,7,349,1
1,16,727,1
6,19,393,1
4,19,316,1
1,11,393,1
9,12,336,1
3,12,336,1
2,17,130,1
5,19,335,1
5,13,346,1
4,20,336,1
1,11,0,1
2,4,336,1
1,12,334,1
4,14,336,1
162,6,534,1
2,16,335,1
12,14,336,1
7,14,336,1
35,0,223,1
4,9,324,1
1,14,331,1
1,8,0,1
3,16,500,1
2,16,324,1
2,14,642,1
2,9,0,1
6,11,486,1
11,16,322,1
4,10,337,1
5,16,487,1
2,20,960,1
2,13,331,1
2,19,331,1
17,12,336,1
30,21,346,1
2,18,336,1
1,16,370,1
2,22,336,1
1,15,336,1
1,6,336,1
1,15,337,1
11,12,336,1
1,15,319,1
3,18,349,1
130,5,297,1
1,18,227,1
2,12,349,1
1,13,0,1
4,16,334,1
1,20,324,1
2,14,336,1
2,23,336,1
1,13,346,1
2,17,336,1
2,20,393,1
2,15,349,1
6,16,351,1
8,14,349,1
2,23,336,1
2,12,316,1
1,17,336,1
2,16,336,1
1,14,336,1
2,7,336,1
16,12,347,1
3,11,352,1
3,11,216,1
1,9,0,1
2,18,334,1
1,15,331,1
4,16,316,1
5,19,486,1
14,9,971,1
5,14,336,1
129,3,297,2
5,18,346,1
140,12,539,2
2,23,225,1
2,3,336,1
8,13,336,1
3,16,336,1
5,12,222,1
3,11,337,1
1,11,971,1
2,18,352,1
15,21,372,2
1,19,324,1
28,5,537,1
4,12,500,1
3,20,333,1
1,15,482,1
2,17,332,1
5,15,336,1
3,17,331,1
17,13,178,1
1,19,442,1
1,10,337,1
4,17,346,1
1,15,334,1
2,14,335,1
6,18,336,1
7,17,331,1
6,14,336,1
2,20,336,1
3,10,331,1
4,14,336,1
4,10,336,1
1,17,346,1
2,7,346,1
17,17,336,1
4,15,420,1
9,17,336,1
2,16,486,1
2,21,389,2
1,11,336,1
1,17,336,1
5,11,336,1
11,12,346,1
2,0,336,1
6,18,336,1
2,6,336,1
1,12,331,1
12,11,485,1
9,18,336,1
13,17,351,1
2,11,324,1
27,18,213,1
6,13,336,1
2,8,0,1
5,14,336,1
11,8,491,1
5,14,486,1
2,16,332,1
2,11,336,1
4,13,336,1
2,22,336,1
1,18,336,1
4,9,331,1
2,16,312,1
2,19,336,1
3,19,336,1
2,8,336,1
3,14,336,1
1,17,618,1
2,14,331,1
2,15,331,1
7,11,393,1
2,13,346,1
1,12,337,1
7,12,346,1
3,22,421,1
2,8,337,1
2,18,346,1
4,10,971,1
20,23,419,1
1,14,335,1
7,11,349,1
3,18,346,1
1,11,336,1
1,17,336,1
4,19,336,1
2,18,447,1
2,12,346,1
6,12,324,1
2,21,447,1
6,13,421,1
7,18,346,1
1,9,335,1
26,2,252,2
5,21,0,1
6,15,322,1
3,12,324,1
2,14,334,1
2,11,971,1
1,17,336,1
28,19,337,1
2,16,346,1
1,15,225,1
1,17,336,1
2,21,485,1
3,12,212,1
1,8,224,1
2,11,352,1
14,13,331,1
1,11,393,1
2,15,346,1
1,7,679,1
2,13,346,1
30,17,407,1
2,11,331,1
1,8,491,1
2,10,447,1
22,0,336,1
2028,0,235,2
1,23,336,1
1,21,337,1
1,16,333,1
1,16,336,1
2,18,336,1
1,15,346,1
2,22,346,1
3,10,0,1
1,14,335,1
2,17,337,1
4,18,336,1
1,22,596,1
4,17,223,1
10,18,351,1
1,13,500,1
25,20,336,1
3,15,485,1
2,19,336,1
2,10,313,1
2,13,222,1
6,12,336,1
4,19,336,1
110,11,537,1
1,18,331,1
1,12,971,1
26,18,213,2
2,22,441,1
1,15,331,1
3,15,348,1
10,20,336,1
10,11,336,1
1,23,216,1
74,14,235,2
14,11,336,1
5,15,421,1
3,9,332,1
6,15,335,1
3,14,334,1
2,16,324,1
23,22,372,2
8,16,336,1
2,20,487,1
19,7,375,1
2,15,487,1
2,21,339,1
2,15,485,1
1,13,316,1
2,16,334,1
16,20,489,1
2,3,336,1
4,13,337,1
1,20,306,1
6,16,224,2
2,9,221,1
1,13,251,1
9,21,336,1
2,18,336,1
6,15,349,1
4,13,336,1
2,20,346,1
1,18,0,1
6,17,336,1
11,16,336,1
1,15,336,1
2,20,331,1
3,9,336,1
1,15,324,1
2,14,331,1
2,12,336,1
3,9,525,1
8,13,334,1
2,9,336,1
2,10,336,1
2,20,487,1
3,15,151,1
2,7,346,1
2,18,436,1
2,15,346,1
2,9,336,1
1,20,511,1
2,17,324,1
2,20,324,1
1,17,225,1
17,11,331,1
3,15,336,1
1,9,485,1
1,14,160,1
1,14,336,1
1,11,333,1
4,18,421,1
1,9,337,1
6,19,370,1
1,11,337,1
10,18,336,1
1,7,336,1
2,0,421,1
15,15,336,1
103,3,375,1
2,15,337,1
3,12,336,1
2,12,336,1
3,20,331,1
3,14,552,1
1,6,393,1
1,20,352,1
4,9,221,1
1,17,337,1
3,22,351,1
3,12,254,1
1,17,336,1
1,8,336,1
10,11,223,1
2,15,336,1
1,19,971,1
40,21,252,1
1,18,242,1
4,10,336,1
2,11,336,1
2,16,324,1
13,9,336,1
4,22,534,2
6,11,336,1
9,12,336,1
4,21,336,1
3,19,483,1
5,19,336,1
11,20,322,1
5,11,331,1
40,12,532,2
2,16,331,1
2,16,485,1
2,15,349,1
2,18,336,1
3,13,334,1
6,19,393,1
7,15,336,1
2,12,337,1
1,9,337,1
1,18,0,1
2,21,390,1
2,11,331,1
2,19,346,1
3,11,0,1
12,10,324,1
2,9,352,1
1,8,337,1
15,20,487,1
4,7,337,1
2,9,324,1
2,10,336,1
3,22,349,1
2,13,212,1
2,19,335,1
2,9,336,1
2,19,336,1
2,6,324,1
1,15,334,1
2,18,485,1
5,10,336,1
7,2,534,2
2,15,336,1
24,19,351,1
2,15,336,1
4,14,336,1
2,2,336,1
15,11,331,1
1,12,486,1
4,18,336,1
3,20,861,1
3,8,336,1
4,18,339,1
1,11,336,1
5,1,336,1
3,19,665,1
1,12,337,1
4,9,337,1
2,16,486,1
5,12,336,1
4,8,244,1
3,14,336,1
1,9,642,1
14,1,232,2
7,17,336,1
2,15,336,1
1,10,491,1
3,7,336,1
11,13,336,1
1,14,337,1
17,20,178,1
6,12,0,1
5,1,346,1
2,20,336,1
1,17,120,1
2,15,486,1
2,8,336,1
2,21,223,1
8,18,407,1
8,14,331,1
1,20,336,1
2,18,629,1
4,15,322,1
1,20,485,1
2,8,336,1
1,15,961,1
7,16,346,1
6,12,336,1
13,19,334,1
2,16,324,1
20,11,336,1
3,3,336,1
2,18,223,1
6,11,336,1
2,9,336,1
4,12,337,1
1,19,678,1
1,15,771,1
10,17,351,1
2,7,336,1
10,15,335,1
4,15,336,1
3,10,346,1
2,7,336,1
2,20,336,1
4,16,336,1
3,12,407,1
5,16,962,1
2,14,351,1
1,11,402,1
2,11,689,1
3,12,352,1
1,20,181,1
9,16,346,1
2,16,482,1
3,11,332,1
1,15,313,1
3,2,316,1
6,1,337,1
1,16,417,1
2,13,486,1
2,19,336,1
30,14,349,1
11,13,336,1
1,15,790,1
1,19,336,1
1,10,333,1
3,15,336,1
4,19,225,1
13,20,336,1
1,20,223,1
2,10,352,1
1,17,336,1
1,20,216,1
3,15,336,1
2,19,336,1
43,10,235,2
2,19,650,1
28,1,381,2
4,8,336,1
6,15,213,1
2,9,530,1
2,8,485,1
2,10,336,1
4,7,223,1
5,15,336,1
1,13,0,1
2,14,335,1
2,16,487,1
3,18,346,1
7,18,351,1
1,14,336,1
6,17,336,1
1,9,902,1
1,12,234,1
1,13,337,1
8,17,213,1
1,16,678,1
1,7,188,1
1,19,225,1
8,11,960,1
1,17,327,1
2,11,393,1
13,22,336,1
2,16,336,1
4,14,336,1
2,17,336,1
38,10,336,1
14,20,421,1
2,21,324,1
1,12,0,1
2,13,398,1
8,15,336,1
1,16,336,1
13,13,223,1
1,12,337,1
3,21,485,1
1,9,336,1
1,14,336,1
2,21,324,1
8,13,336,1
2,16,485,1
2,12,352,1
2,17,336,1
5,14,336,1
2,23,447,1
2,15,336,1
2,11,447,1
2,20,337,1
9,21,337,1
1,11,336,1
6,8,336,1
2,22,213,1
2,16,337,1
1,17,331,1
2,17,346,1
2,21,225,1
1,11,336,1
2,3,337,1
2,6,336,1
2,10,336,1
26,20,336,1
3,12,336,1
2,16,486,1
3,19,336,1
2,18,336,1
2,19,488,1
2,9,336,1
1,17,331,1
2,11,332,1
3,17,346,1
2,20,447,1
2,10,521,1
10,19,336,1
20,16,336,1
2,10,393,1
2,9,485,1
4,19,335,1
2,13,336,1
2,16,161,1
1,15,336,1
4,14,336,1
3,15,407,1
24,20,336,1
2,21,594,1
2,18,336,1
2,20,336,1
5,21,642,1
1,13,336,1
2,9,346,1
2,15,332,1
4,6,336,1
2,9,421,1
2,22,336,1
1,13,339,1
12,21,336,1
1,11,336,1
5,19,213,1
2,20,336,1
10,21,336,1
1,16,223,1
8,14,349,1
2,18,336,1
7,11,337,1
2,4,485,1
3,8,336,1
2,10,237,1
6,14,346,1
2,15,0,1
18,11,347,1
3,21,336,1
18,13,336,1
8,10,333,1
5,9,324,1
1,21,393,1
4,11,212,1
6,9,225,1
2,19,377,2
2,14,336,1
2,8,336,1
2,8,486,1
2,17,336,1
30,21,223,1
2,12,336,1
1,19,393,1
4,12,336,1
1,10,417,1
1,12,324,1
2,11,346,1
8,16,336,1
3,11,335,1
2,10,336,1
2,14,972,1
1,13,393,1
24,12,485,1
2,15,332,1
1,15,336,1
3,11,222,1
2,12,337,1
1,12,971,1
1,13,442,1
5,20,337,1
2,16,187,1
1,18,336,1
3,19,688,1
2,12,216,1
6,12,336,1
5,13,0,1
14,10,322,1
3,15,349,1
2,15,336,1
2,14,485,1
1,13,393,1
5,21,393,1
2,0,346,1
2,20,336,1
3,13,447,1
1,12,672,1
2,14,336,1
4,10,190,1
4,15,336,1
2,10,241,1
2,4,346,1
1,13,151,1
1,6,0,1
4,15,336,1
10,19,482,1
2,12,336,1
6,23,393,1
6,11,336,1
1,15,331,1
2,23,332,1
1,23,436,1
1,18,487,1
3,12,334,1
11,18,336,1
1,11,336,1
2,10,334,1
2,11,225,1
83,12,336,1
5,17,491,1
2,9,494,1
1,12,919,1
1,6,682,1
5,15,336,1
1,18,324,1
6,20,336,1
23,12,336,1
2,8,334,1
4,12,336,1
3,12,447,1
2,19,346,1
3,9,336,1
13,17,336,1
1,19,225,1
2,1,485,1
4,11,336,1
2,10,486,1
1,13,337,1
2,14,377,1
1,17,486,1
4,10,336,1
23,8,336,1
7,13,324,1
2,11,336,1
1,14,324,1
1,19,216,1
8,11,349,1
26,20,213,2
2,11,336,1
1,11,447,1
1,11,337,1
2,20,352,1
1,11,0,1
2,10,393,1
2,16,346,1
2,21,337,1
2,3,178,1
6,21,336,1
10,21,335,1
2,14,346,1
6,21,336,1
1,14,485,1
8,10,377,1
14,20,337,1
4,16,336,1
2,14,486,1
5,16,398,1
2,20,486,1
11,12,486,1
1,10,447,1
2,14,485,1
20,14,336,1
1,20,333,1
120,12,533,2
4,21,336,1
1,10,491,1
5,11,178,1
24,22,372,1
3,19,962,1
2,16,336,1
2,12,0,1
5,11,336,1
1,19,346,1
3,17,223,1
8,12,447,1
3,13,337,1
10,11,336,1
1,15,393,1
1,9,393,1
1,13,971,1
1,6,213,1
2,16,650,1
4,20,336,1
26,13,485,1
3,16,486,1
2,16,225,1
4,13,336,1
1,20,487,1
36,5,537,1
6,17,331,1
1,15,331,1
2,19,487,1
31,20,252,1
16,19,349,1
2,14,0,1
2,10,352,1
4,17,225,1
4,4,537,2
5,18,336,1
4,13,336,1
6,12,336,1
2,21,324,1
3,13,216,1
7,16,336,1
10,17,336,1
3,15,336,1
2,18,336,1
1,10,324,1
2,22,346,1
4,18,337,1
1,21,336,1
1,11,346,1
9,17,337,1
2,14,346,1
1,8,659,1
1,21,919,1
2,14,324,1
2,12,223,1
2,15,324,1
2,21,393,1
4,0,337,1
2,10,667,1
1,8,336,1
2,12,336,1
1,16,678,1
8,18,336,1
6,22,336,1
2,18,447,1
1,21,336,1
1,22,829,1
1,10,336,1
2,9,190,1
2,7,324,1
4,18,336,1
1,11,332,1
60,13,381,2
1,11,333,1
1,18,359,1
5,0,336,1
17,9,322,1
4,18,336,1
4,7,336,1
2,12,393,1
5,5,336,1
2,17,676,1
1,17,961,1
2,4,485,1
1,14,222,1
9,12,324,1
1,15,334,1
3,14,333,1
2,19,486,1
2,12,336,1
3,18,223,1
2,10,225,1
2,11,331,1
4,9,333,1
4,13,336,1
1,14,607,1
6,17,346,2
4,11,336,1
2,13,447,1
6,11,324,1
4,14,421,1
16,13,336,1
4,15,336,1
1,9,216,1
1,20,352,1
94,13,336,1
1,5,487,1
6,7,336,1
4,18,336,1
4,13,336,1
2,14,337,1
2,20,336,1
9,15,336,1
3,16,225,1
3,11,346,1
4,19,485,1
5,11,333,1
2,11,337,1
2,14,336,1
2,14,420,1
1,14,221,1
2,15,312,1
1,11,334,1
2,14,336,1
4,18,336,1
11,13,336,1
12,12,349,1
1,15,336,1
1,10,421,1
1,16,337,1
6,18,485,1
5,17,336,1
1,22,0,1
1,0,124,1
1,12,331,1
4,12,0,1
1,8,336,1
2,12,487,1
3,18,145,1
9,9,521,1
2,18,336,1
2,19,485,1
1,14,336,1
81,20,336,1
6,18,257,2
4,16,331,1
120,20,375,1
75,21,263,1
1,14,0,1
1,12,225,1
1,16,393,1
15,14,349,1
4,22,670,2
2,16,336,1
2,13,336,1
2,21,277,1
5,12,336,1
2,9,336,1
12,11,336,1
1,21,324,1
3,13,352,1
7,19,336,1
5,17,346,1
6,9,346,1
3,11,594,1
2,20,223,1
12,11,336,1
1,17,412,1
8,18,331,1
1,15,336,1
2,18,346,1
1,16,213,1
3,10,336,1
1,11,337,1
1,18,331,1
2,13,337,1
5,22,353,1
2,21,421,1
1,9,0,1
8,11,0,1
1,6,0,1
26,18,336,1
1,18,346,1
1,21,160,1
31,12,331,1
28,9,336,1
2,19,223,1
11,18,336,1
2,20,336,1
1,15,447,1
5,12,336,1
5,19,346,1
1,21,191,1
6,14,312,1
1,17,312,1
4,7,336,1
3,22,487,1
1,11,0,1
2,17,485,1
2,15,324,1
35,16,593,1
2,12,336,1
14,1,533,2
2,14,337,1
3,16,225,1
40,9,235,2
1,16,216,1
3,18,393,1
1,18,324,1
4,18,331,1
6,12,331,1
9,5,336,1
1,13,336,1
2,17,331,1
2,11,346,1
11,21,336,1
2,18,346,1
2,18,336,1
1,20,336,1
4,15,336,1
1,17,336,1
1892,7,235,2
2,21,223,1
2,21,336,1
2,15,486,1
1,17,336,1
1,11,336,1
7,10,336,1
10,18,130,1
2,9,346,1
2,16,486,1
8,20,336,1
1,19,336,1
3,23,687,1
2,3,336,1
1,22,447,1
4,11,254,1
4,11,335,1
145,6,297,2
5,12,223,1
3,21,488,1
3,16,336,1
3,15,0,1
1,23,336,1
2,9,336,1
2,10,485,1
2,13,0,1
4,12,398,1
1,10,235,1
2,19,351,1
13,1,346,1
2,11,336,1
1,8,390,1
2,22,485,1
2,23,336,1
1,16,962,1
1,22,336,1
2,13,331,1
1,15,324,1
2,8,334,1
7,23,336,1
1,12,791,1
1,2,0,1
2,6,485,1
1,15,349,1
1,23,151,1
2,21,486,1
26,18,178,1
1,11,352,1
1,18,337,1
2,12,336,1
14,14,336,1
1,16,646,1
1,12,467,1
1,17,331,1
2,13,336,1
4,11,971,1
5,14,336,1
1,10,225,1
1,11,336,1
5,14,213,1
2,18,336,1
2,13,393,1
3,9,346,1
2,11,324,1
2,10,393,1
11,11,336,1
2,20,486,1
2,18,336,1
1,10,448,1
1,16,277,1
1,14,336,1
2,9,337,1
4,12,351,1
7,13,336,1
3,22,336,1
8,18,322,1
2,13,334,1
7,15,331,1
14,1,248,2
2,8,336,1
1,8,331,1
10,14,322,1
16,12,336,1
7,9,336,1
7,12,336,1
4,19,333,1
2,8,336,1
2,5,417,1
3,16,336,1
143,19,263,2
2,18,489,1
4,13,346,1
2,9,491,1
2,18,346,1
6,10,346,1
7,18,487,1
1,10,225,1
2,14,336,1
6,23,161,1
5,13,349,1
2,14,393,1
9,3,534,1
2,15,338,1
10,12,336,1
14,13,336,1
5,11,223,1
2,12,349,1
2,20,336,1
2,15,336,1
2,10,337,1
2,17,349,1
2,15,336,1
4,17,332,1
3,12,482,1
4,14,0,1
1,8,226,1
3,20,447,1
2,11,352,1
2,11,447,1
1,9,417,1
2,16,336,1
1,17,262,1
20,13,355,2
2,12,336,1
2,17,352,1
2,14,407,1
4,11,336,1
1,13,337,1
2,19,346,1
4,15,336,1
1,15,336,1
34,20,252,1
1,10,0,1
7,2,537,2
2,19,336,1
1,7,324,1
9,17,537,1
6,14,336,1
117,4,297,2
7,10,442,1
1,12,346,1
2,9,336,1
1,21,336,1
1,22,500,1
5,18,511,1
2,12,352,1
12,13,331,1
2,15,336,1
12,22,537,2
2,20,352,1
2,22,324,1
3,9,336,1
245,10,534,2
1,6,180,1
1,7,336,1
3,9,224,1
1,16,336,1
1,10,421,1
1,15,336,1
1,9,336,1
2,14,334,1
2,13,336,1
3,18,336,1
2,13,316,1
26,20,213,2
2,19,336,1
2,19,336,1
2,13,336,1
2,14,333,1
1,9,485,1
16,16,336,1
3,8,500,1
2,16,334,1
7,15,972,1
2,8,221,1
2,12,336,1
1,17,349,1
1,16,337,1
32,6,537,2
2,10,488,1
13,11,436,1
1,19,412,1
6,9,337,1
2,14,332,1
12,14,349,1
3,15,312,1
9,13,337,1
2,17,216,1
2,11,223,1
2,18,131,1
3,17,223,1
4,23,450,2
1,19,485,1
1,19,349,1
2,19,336,1
9,11,336,1
2,11,336,1
2,8,336,1
4,11,336,1
5,13,225,1
2,8,336,1
1,11,346,1
2,17,336,1
65,1,297,1
1,15,337,1
3,20,486,1
2,16,487,1
1,17,336,1
4,16,346,1
1,12,336,1
4,9,336,1
1,18,337,1
3,17,485,1
1,8,417,1
2,13,336,1
2,14,337,1
2,13,331,1
1,20,120,1
5,20,221,1
4,11,331,1
1,17,337,1
3,19,336,1
10,15,349,1
27,18,336,1
2,16,271,1
10,20,351,1
1,17,971,1
12,11,336,1
3,20,324,1
4,20,336,1
2,11,331,1
1,12,421,1
32,22,372,2
1,20,496,1
13,17,336,1
4,17,336,1
1,14,337,1
2,11,336,1
1,18,485,1
2,20,487,1
10,0,371,1
52,5,537,2
2,17,334,1
2,18,336,1
1,11,464,1
2,12,336,1
3,10,487,1
2,9,244,1
1,10,334,1
6,10,485,1
4,13,335,1
1,19,337,1
148,17,336,1
6,12,491,1
1,17,223,1
6,22,336,1
1,10,336,1
2,15,336,1
1,11,442,1
4,17,336,1
6,14,448,1
6,17,447,1
5,20,346,1
3,11,331,1
2,10,223,1
34,17,336,1
1,14,336,1
1,19,447,1
2,21,191,1
3,15,331,1
2,10,336,1
6,16,337,1
1,14,337,1
2,8,336,1
2,19,336,1
13,19,336,1
6,12,336,1
2,13,336,1
5,19,336,1
4,14,336,1
4,22,491,1
2,8,324,1
2,21,336,1
3,13,961,1
3,9,337,1
3,20,213,1
21,22,346,1
2,13,336,1
4,11,332,1
17,20,336,1
2,15,336,1
1,14,331,1
5,19,336,1
1,14,336,1
1,17,337,1
3,18,447,1
2,9,417,1
2,12,336,1
14,20,346,1
3,0,216,1
4,6,225,1
7,17,346,1
2,9,331,1
18,14,336,1
4,11,447,1
1,13,421,1
16,18,336,1
2,10,331,1
1,17,352,1
6,18,336,1
1,22,336,1
2,7,336,1
2,14,336,1
1,13,161,1
2,7,336,1
7,17,485,1
2,16,324,1
2,19,337,1
5,21,346,1
4,15,346,1
1,5,0,1
1,11,442,1
2,9,421,1
4,16,336,1
1,19,359,1
1,19,248,1
4,16,487,1
9,11,407,1
2,11,346,1
133,7,534,1
1,14,324,1
3,13,336,1
6,8,324,1
1,10,337,1
2,23,346,1
2,9,332,1
3,12,225,1
1,8,336,1
1,9,917,1
1,14,421,1
1,15,336,1
1,18,331,1
2,16,961,1
2,13,485,1
10,10,336,1
74,17,336,1
2,19,962,1
1,19,336,1
1,22,339,1
3,13,335,1
2,9,336,1
6,9,223,1
2,14,336,1
4,12,337,1
2,10,349,1
66,10,442,1
2,12,336,1
2,23,225,1
3,15,486,1
1,0,960,1
4,16,336,1
10,13,336,1
2,13,336,1
4,11,336,1
7,10,244,1
10,21,336,1
4,9,334,1
49,6,297,1
15,19,0,2
1,11,485,1
2,21,441,1
6,11,485,1
6,17,336,1
2,14,336,1
4,10,336,1
1,14,331,1
4,20,334,1
1,3,130,1
23,7,336,1
26,11,336,1
2,19,447,1
2,9,346,1
4,9,482,1
2,7,336,1
2,9,333,1
3,19,339,1
1,10,331,1
2,16,525,1
7,2,221,1
2,15,485,1
6,11,331,1
4,7,336,1
10,15,337,1
4,21,336,1
9,15,420,1
2,0,324,1
3,15,336,1
2,15,336,1
1,13,390,1
2,20,349,1
3,15,336,1
1,23,225,1
80,13,248,2
5,10,336,1
3,14,312,1
1,14,346,1
1,16,337,1
3,20,336,1
3,13,336,1
3,12,336,1
5,14,336,1
1,9,332,1
4,17,336,1
7,20,336,1
1,9,337,1
4,21,487,1
2,16,346,1
10,20,331,1
2,23,336,1
3,14,336,1
4,20,486,1
1,16,324,1
4,22,0,1
1,22,337,1
2,0,336,1
28,2,257,1
14,20,535,2
2,11,336,1
2,19,971,1
1,10,337,1
6,15,222,1
1,11,417,1
6,16,337,1
7,18,336,1
2,12,335,1
1,12,0,1
2,12,224,1
2,15,447,1
2,15,333,1
2,21,485,1
32,23,331,1
4,10,485,1
1,19,336,1
5,10,336,1
2,10,664,1
1,10,792,1
10,21,421,1
2,11,442,1
10,18,337,1
1,10,224,1
1,11,221,1
2,10,336,1
144,9,534,2
12,17,0,1
2,17,331,1
3,11,336,1
1,17,191,1
5,14,336,1
2,22,390,1
2,13,336,1
6,13,336,1
10,19,346,1
2,16,334,1
3,14,486,1
12,22,373,2
6,19,252,1
12,8,0,1
14,2,373,2
1,18,646,1
2,21,336,1
3,13,336,1
4,12,334,1
12,18,180,1
1,8,324,1
3,17,336,1
1,9,0,1
2,14,237,1
12,15,312,1
5,13,351,1
2,23,158,1
4,11,336,1
15,11,338,1
1,18,222,1
6,11,336,1
2,20,223,1
6,19,336,1
12,10,331,1
4,13,336,1
6,19,336,1
3,15,0,1
3,13,467,1
9,11,534,1
2,13,331,1
1,4,590,1
5,17,322,1
9,15,349,1
2,9,337,1
1,20,336,1
28,17,331,1
6,17,496,1
1,17,337,1
1,16,485,1
1,12,486,1
1,19,534,1
1,9,123,1
1,0,237,1
2,10,352,1
4,12,352,1
2,10,491,1
2,9,346,1
6,11,352,1
1,16,336,1
2,20,486,1
2,16,442,1
1,9,332,1
2,11,346,1
1,10,335,1
6,20,346,2
2,15,316,1
1,5,416,1
1,20,447,1
1,12,497,1
1,23,421,1
16,10,336,1
4,17,337,1
4,16,331,1
2,13,346,1
2,14,336,1
1,15,442,1
5,11,346,1
4,2,331,1
2,17,486,1
1,22,336,1
3,11,336,1
2,17,316,1
4,18,336,1
2,13,225,1
3,17,324,1
1,0,237,1
7,20,676,1
22,22,252,1
1,10,337,1
2,14,324,1
2,13,336,1
1,10,352,1
35,20,252,1
2,8,352,1
9,10,346,1
57,8,216,1
36,4,235,2
7,11,337,1
1,17,223,1
2,18,336,1
2,11,336,1
2,9,225,1
1,12,333,1
2,8,486,1
1,22,243,1
2,21,346,1
2,9,421,1
1,13,482,1
2,11,336,1
11,14,336,1
1,17,323,1
2,9,431,1
2,16,225,1
2,15,601,1
1,20,336,1
4,19,334,1
2,12,336,1
2,9,331,1
1,17,336,1
2,18,349,1
2,15,334,1
2,14,335,1
6,13,336,1
1,0,682,1
5,18,336,1
2,23,225,1
1,20,961,1
2,15,486,1
1,8,0,1
1,7,0,1
1,18,537,1
11,11,482,1
1,10,331,1
4,9,336,1
8,19,336,1
3,20,336,1
1,15,324,1
8,18,331,1
2,20,393,1
1,16,316,1
1,9,500,1
2,15,485,1
1,23,337,1
8,21,336,1
2,18,324,1
1,13,346,1
4,12,223,1
4,3,336,1
6,11,349,1
1,11,337,1
2,18,336,1
3,9,334,1
1,17,960,1
2,23,337,1
3,14,331,1
1,11,346,1
5,7,678,1
2,16,317,1
8,20,331,1
3,8,336,1
3,20,339,1
3,13,352,1
7,13,334,1
2,15,414,1
5,19,417,1
17,10,336,1
1,11,336,1
11,13,336,1
5,17,336,1
7,12,336,1
1,12,614,1
30,10,346,1
2,13,336,1
2,16,390,1
6,21,213,1
1,9,485,1
6,22,337,1
2,19,419,1
3,20,336,1
1,18,336,1
2,20,346,1
2,11,346,1
5,18,349,1
3,18,352,1
4,22,242,2
2,11,336,1
3,17,336,1
3,21,336,1
5,17,336,1
2,10,485,1
1,12,971,1
1,11,336,1
2,20,590,1
2,15,336,1
2,17,333,1
1,12,336,1
1,12,324,1
110,11,297,1
3,12,336,1
5,20,331,1
8,21,487,1
3,18,524,1
1,13,336,1
1,17,336,1
14,10,442,1
8,19,960,1
2,21,336,1
5,16,485,1
1,20,177,1
1,15,393,1
2,11,791,1
1,10,351,1
1,10,336,1
137,7,297,2
1,10,333,1
8,20,336,1
1,19,467,1
1,14,676,1
21,2,242,2
2,14,336,1
1,9,333,1
1,17,212,1
4,11,336,1
2,8,336,1
2,9,331,1
4,10,485,1
2,14,324,1
3,20,223,1
1,19,498,1
2,9,336,1
3,16,120,1
54,18,375,1
1794,6,235,2
104,5,534,2
79,18,336,1
2,9,324,1
8,20,336,1
14,15,337,1
1,13,336,1
4,21,393,1
1,14,496,1
1,15,486,1
2,17,689,1
1,18,223,1
1,10,377,1
3,10,967,1
3,8,322,1
1,10,333,1
4,15,336,1
1,17,331,1
1,20,334,1
7,2,229,2
1,9,336,1
8,11,336,1
2,8,190,1
2,17,351,1
1,13,336,1
1,13,336,1
4,15,336,1
129,2,297,2
1,14,336,1
6,15,336,1
2,18,352,1
2,15,237,1
2,18,331,1
1,14,482,1
2,12,331,1
2,15,642,1
3,8,336,1
8,21,334,1
2,15,393,1
2,13,442,1
1,19,349,1
1,8,0,1
1,19,331,1
2,12,336,1
2,19,346,1
3,13,336,1
4,14,324,1
11,10,321,1
2,20,336,1
5,17,336,1
2,12,331,1
3,21,235,1
14,14,336,1
1,11,336,1
10,15,336,1
2,10,318,1
3,21,377,1
7,19,336,1
3,20,792,1
40,5,534,1
2,20,216,1
1,10,171,1
28,15,223,1
2,20,336,1
2,13,331,1
2,22,336,1
1,11,242,1
3,1,336,1
1,10,336,1
1,9,336,1
12,22,336,1
1,9,417,1
4,8,336,1
7,20,223,1
2,10,346,1
1,19,225,1
1,16,336,1
4,11,336,1
2,15,349,1
1,11,419,1
1,13,590,1
3,7,486,1
2,12,393,1
2,13,351,1
14,10,485,1
3,3,225,1
2,16,482,1
7,9,336,1
2,19,393,1
2,14,486,1
1,2,336,1
4,9,336,1
3,19,485,1
2,12,333,1
1,22,393,1
1,10,336,1
7,19,359,1
4,8,377,1
2,22,336,1
5,12,436,1
2,17,337,1
1,18,331,1
1,17,352,1
2,14,336,1
1,15,337,1
1,15,337,1
2,14,349,1
2,10,393,1
2,12,223,1
2,8,336,1
2,12,485,1
3,15,336,1
6,22,336,1
2,12,332,1
1,10,336,1
2,10,306,1
3,20,336,1
4,19,486,1
6,18,337,1
7,22,336,1
2,18,486,1
3,13,485,1
10,17,180,1
1,11,324,1
6,20,346,1
2,10,334,1
9,13,336,1
3,7,336,1
2,20,337,1
2,12,331,1
2,18,324,1
2,4,0,1
28,22,393,1
6,15,349,1
4,14,349,1
2,10,352,1
2,12,336,1
5,13,447,1
2,15,316,1
2,12,331,1
1,11,421,1
2,16,487,1
2,9,338,1
7,18,322,1
2,19,407,1
1,8,333,1
4,16,487,1
3,12,336,1
8,9,322,1
1,10,336,1
14,18,331,1
35,8,235,2
1,1,337,1
4,12,336,1
2,21,324,1
6,14,331,1
38,22,223,1
2,21,334,1
1,19,337,1
2,11,336,1
31,15,336,1
2,10,678,1
2,6,336,1
3,18,336,1
1,17,316,1
2,13,407,1
5,2,235,2
4,18,213,2
1,6,446,1
1,12,485,1
2,9,485,1
4,11,336,1
5,12,420,1
1,16,336,1
2,19,486,1
3,14,324,1
2,11,312,1
8,14,322,1
1,21,212,1
4,17,352,1
301,1,263,2
2,14,484,1
2,11,676,1
2,22,336,1
5,15,349,1
1,17,337,1
536,22,235,2
8,13,498,1
4,16,419,1
1,13,336,1
2,18,485,1
1,13,447,1
1,8,336,1
3,20,487,1
3,15,336,1
1,15,486,1
2,17,346,1
2,10,352,1
1,16,337,1
2,11,336,1
10,21,336,1
14,16,417,1
6,2,447,1
3,18,537,1
5,12,442,1
1,15,336,1
2,13,331,1
2,8,485,1
2,9,336,1
11,7,336,1
2,17,336,1
1,9,393,1
2,17,511,1
1,13,442,1
1,13,339,1
1,9,336,1
1,12,336,1
3,18,337,1
2,10,336,1
13,12,407,1
2,15,312,1
2,12,346,1
7,19,336,1
4,18,491,1
2,10,324,1
7,13,336,1
7,14,348,1
1,16,336,1
1,17,861,1
3,13,336,1
71,15,235,2
3,15,336,1
2,10,346,1
2,10,417,1
2,20,336,1
2,12,223,1
25,17,178,1
12,14,421,1
2,18,336,1
7,10,336,1
1,10,336,1
4,14,487,1
10,9,334,1
2,9,336,1
4,18,331,1
2,9,336,1
3,17,336,1
2,10,336,1
2,18,337,1
2,13,332,1
2,9,989,1
4,13,331,1
2,4,532,2
2,19,346,1
1,5,687,1
7,12,336,1
5,14,332,1
2,17,173,1
1,12,485,1
1,10,339,1
7,14,346,1
8,12,485,1
2,9,321,1
1,16,534,1
2,15,225,1
5,12,336,1
1,11,324,1
1,13,485,1
1,14,346,1
2,0,421,1
2,9,346,1
1,7,248,1
1,11,337,1
3,21,346,1
3,15,336,1
1,13,223,1
4,15,335,1
2,20,336,1
4,11,337,1
1,16,971,1
3,21,485,1
343,20,263,2
1,8,902,1
3,18,336,1
2,22,336,1
1,22,309,1
2,20,485,1
1,16,312,1
7,14,336,1
1,17,485,1
2,18,0,1
8,9,967,1
3,12,336,1
8,15,552,1
6,11,447,1
1,11,337,1
7,22,336,1
2,18,223,1
80,13,370,2
3,11,352,1
98,18,336,1
5,12,334,1
1,13,234,1
3,9,336,1
2,18,447,1
2,12,346,1
7,18,336,1
2,11,331,1
2,8,225,1
8,10,336,1
2,16,332,1
44,18,336,1
1,21,485,1
2,7,336,1
1,8,324,1
6,9,336,1
4,19,491,1
1,13,223,1
3,13,0,1
2,10,961,1
1,10,336,1
2,11,349,1
3,8,352,1
1,6,336,1
2,20,351,1
2,14,336,1
3,9,442,1
2,16,336,1
3,13,421,1
1,18,337,1
7,13,216,1
1,12,336,1
2,8,421,1
1,11,333,1
2,9,485,1
1,3,351,1
3,14,336,1
2,14,346,1
3,17,336,1
15,10,322,1
2,10,485,1
1,18,334,1
4,9,346,1
2,22,324,1
1,22,29,1
2,18,346,1
27,9,346,1
2,15,336,1
2,22,277,1
2,18,349,1
1,12,603,1
1,10,434,1
2,20,346,1
5,14,551,1
2,12,336,1
3,15,336,1
1,22,263,1
6,16,485,1
2,17,312,1
2,21,212,1
8,1,336,1
1,14,336,1
2,12,221,1
10,9,336,1
2,21,335,1
1,5,442,1
2,18,216,1
1,8,336,1
5,21,336,1
3,7,336,1
8,21,336,1
3,10,441,1
1,17,131,1
1,15,336,1
6,10,334,1
2,11,334,1
4,22,346,1
13,0,371,1
2,18,336,1
1,8,324,1
4,11,324,1
1,16,482,1
5,14,338,1
15,14,349,1
2,19,349,1
16,20,407,1
4,14,335,1
1,3,231,1
8,20,131,1
2,11,331,1
4,18,336,1
4,11,485,1
6,14,336,1
1,18,336,1
1,12,323,1
10,22,421,1
12,12,336,1
34,17,336,1
1,14,336,1
10,12,338,1
1,18,971,1
1,18,337,1
3,12,336,1
9,10,336,1
2,2,372,1
4,18,549,1
5,17,223,1
1,20,171,1
2,18,349,1
1,20,220,1
1,21,337,1
6,10,336,1
14,20,337,1
9,15,336,1
8,13,367,1
4,16,336,1
2,23,336,1
1,14,120,1
17,6,336,1
1,14,971,1
2,10,331,1
2,9,336,1
14,9,325,1
2,12,241,1
1,16,191,1
3,14,486,1
3,18,336,1
2,20,333,1
1,16,0,1
2,8,486,1
1,21,336,1
2,11,398,1
1,8,336,1
1,20,485,1
3,11,336,1
10,14,346,1
1,8,336,1
1,12,500,1
3,18,324,1
5,21,336,1
1,18,336,1
2,19,251,1
2,20,336,1
1,11,324,1
2,13,331,1
2,19,335,1
2,20,336,1
1,12,727,1
1,1,216,1
2,10,336,1
1,21,324,1
1,15,331,1
1,16,351,1
4,18,421,1
13,1,224,1
2,10,346,1
7,18,336,1
2,18,336,1
3,0,0,1
7,18,336,1
4,18,336,1
1,11,351,1
4,10,336,1
1,9,337,1
46,1,995,2
1,9,335,1
6,18,441,1
1,9,336,1
10,11,0,1
71,12,502,2
2,22,491,1
10,10,351,1
2,16,346,1
1800,10,235,2
1,9,262,1
2,23,223,1
1,18,485,1
2,10,312,1
1,18,346,1
2,9,336,1
2,15,324,1
1,17,225,1
1,16,500,1
5,9,223,1
2,19,486,1
7,12,336,1
2,16,222,1
24,19,336,1
4,18,486,1
2,21,225,1
5,15,417,1
2,13,336,1
2,13,336,1
1,12,229,1
2,19,337,1
2,21,336,1
2,17,487,1
1,14,447,1
2,20,336,1
3,19,229,1
4,8,336,1
8,15,336,1
40,19,336,1
6,21,324,1
2,15,336,1
1,8,339,1
2,14,346,1
2,9,336,1
11,14,332,1
1,7,336,1
19,9,336,1
1,18,336,1
1,9,336,1
1,11,324,1
2,11,223,1
1,6,336,1
3,14,322,1
2,14,331,1
3,14,0,1
2,10,331,1
13,12,324,1
24,12,336,1
1,21,336,1
2,12,665,1
1,19,337,1
1,12,336,1
2,9,336,1
24,22,960,2
2,18,487,1
13,16,336,1
4,12,336,1
1,5,331,1
4,10,331,1
1,8,336,1
2,14,334,1
1,19,331,1
2,19,393,1
1,18,346,1
3,12,346,1
2,15,336,1
2,17,346,1
5,0,0,1
3,11,486,1
2,18,346,1
6,23,223,1
1,14,333,1
1,0,485,1
14,20,370,1
2,13,447,1
7,11,336,1
4,9,337,1
1,16,336,1
2,13,336,1
1,11,161,1
2,21,346,1
1,15,498,1
1,19,511,1
1,15,961,1
1,10,331,1
1,9,0,1
2,8,336,1
2,15,332,1
5,13,328,1
1,21,336,1
4,22,245,2
2,18,337,1
2,10,494,1
3,11,336,1
2,15,336,1
1,12,220,1
2,19,212,1
5,20,336,1
5,12,337,1
1,16,960,1
1,5,336,1
1,8,336,1
15,22,213,1
3,13,346,1
4,19,346,1
1,7,154,1
5,16,961,1
14,2,245,2
2,7,324,1
8,18,336,1
1,12,333,1
1,9,352,1
4,17,336,1
5,23,336,1
1,11,491,1
2,14,352,1
7,11,336,1
2,11,962,1
1,13,442,1
8,19,178,1
27,21,334,1
4,17,336,1
2,7,336,1
2,11,346,1
1,11,417,1
2,13,324,1
9,21,336,1
3,23,486,1
1,15,485,1
2,14,336,1
2,11,482,1
2,21,485,1
2,6,336,1
1,16,212,1
10,17,336,1
2,20,324,1
2,12,336,1
1,12,972,1
2,20,231,1
4,23,0,1
3,21,336,1
2,14,336,1
2,19,337,1
18,20,351,1
2,13,336,1
2,17,318,1
2,20,328,1
1,9,337,1
1,15,485,1
2,14,225,1
2,21,237,1
6,16,336,1
1,10,248,1
6,10,336,1
46,2,297,2
2,7,324,1
2,18,966,1
1,20,336,1
14,19,487,1
5,19,346,1
2,22,487,1
2,15,324,1
2,23,336,1
55,12,482,1
10,16,336,1
2,15,336,1
1,16,336,1
2,10,491,1
17,19,322,1
2,11,351,1
2,12,516,1
1,15,351,1
2,9,331,1
1,9,960,1
4,15,122,1
4,18,336,1
2,16,336,1
13,9,223,1
3,20,336,1
1,18,332,1
1,16,336,1
2,12,331,1
105,2,297,2
4,16,336,1
9,14,336,1
13,20,483,1
2,18,393,1
4,11,421,1
5,17,346,1
2,13,333,1
4,10,223,1
1,11,262,1
1,10,331,1
7,2,225,2
1,18,436,1
47,7,537,1
20,0,371,1
2,19,336,1
1,8,337,1
5,18,486,1
43,8,297,2
1,18,351,1
4,10,336,1
1,17,338,1
1,13,220,1
5,13,337,1
4,18,337,1
2,12,485,1
3,12,328,1
9,14,336,1
1,9,248,1
1,9,336,1
2,0,346,1
2,16,346,1
2,20,336,1
2,13,333,1
14,15,336,1
2,7,436,1
2,14,325,1
1,14,346,1
2,9,336,1
7,19,336,1
5,11,336,1
5,22,967,1
1,18,532,1
1,22,336,1
6,13,346,1
2,7,241,1
2,21,235,2
1,11,416,1
1,9,334,1
6,15,316,1
1,10,336,1
1,10,221,1
2,23,349,1
3,9,324,1
2,9,336,1
1,16,336,1
2,18,442,1
1,19,421,1
11,14,337,1
6,22,486,1
2,13,336,1
2,22,120,1
2,14,417,1
4,9,336,1
1,10,261,1
4,13,331,1
1,2,346,1
2,12,486,1
1,10,417,1
17,16,336,1
1,21,324,1
3,14,336,1
1,16,336,1
2,17,161,1
1,11,337,1
2,14,186,1
2,11,485,1
1,13,516,1
33,13,482,1
2,14,336,1
3,19,0,1
2,10,336,1
1,8,0,1
4,15,336,1
2,2,336,1
2,19,337,1
3,14,221,1
2,14,336,1
2,17,359,1
1,16,228,1
2,21,441,1
24,23,263,2
2,14,485,1
4,16,337,1
2,16,312,1
1,14,393,1
2,10,0,1
1,12,335,1
2,18,346,1
1,10,393,1
2,14,500,1
2,15,336,1
3,10,337,1
1,8,337,1
1,12,961,1
3,19,352,1
2,14,332,1
1,11,606,1
2,19,346,1
2,9,336,1
1,7,187,1
1,21,346,1
2,13,336,1
3,21,590,1
11,14,349,1
11,17,332,1
4,11,336,1
1,11,0,1
2,15,485,1
4,15,486,1
15,11,331,1
4,10,316,1
1,2,324,1
2,15,334,1
16,16,336,1
1,14,346,1
1,6,669,1
1,13,336,1
2,18,322,1
2,5,375,1
1,8,678,1
15,0,221,1
3,12,324,1
6,22,346,1
1,11,688,1
14,18,336,1
1,14,967,1
4,9,552,1
11,18,336,1
1,15,333,1
1,10,336,1
13,0,224,1
1,18,467,1
2,18,336,1
31,13,502,2
11,11,313,1
1,19,324,1
3,15,346,1
1,14,302,1
1,14,224,1
3,10,642,1
2,14,336,1
1,18,337,1
2,16,212,1
6,17,349,1
3,18,336,1
2,10,336,1
1,8,336,1
4,10,336,1
1,16,334,1
2,14,312,1
1,17,312,1
4,1,336,1
2,11,442,1
3,18,447,1
2,16,346,1
2,10,336,1
2,1,336,1
43,23,235,1
2,15,331,1
2,15,318,1
20,13,448,2
1,17,339,1
2,22,336,1
1,13,220,1
3,14,312,1
21,21,333,1
1,14,337,1
2,14,331,1
3,18,151,1
3,17,417,1
2,22,316,1
2,13,349,1
1,10,223,1
4,22,382,2
2,19,346,1
11,20,316,1
2,11,555,1
38,7,235,2
15,17,331,1
3,8,537,1
1,11,377,1
3,14,333,1
2,4,421,1
4,20,346,1
3,19,336,1
1,16,337,1
10,17,419,1
7,10,223,1
2,14,390,1
2,10,336,1
4,19,332,1
5,15,485,1
1,6,324,1
2,11,331,1
1,15,0,1
1,16,0,1
1,17,221,1
1760,9,235,2
4,10,262,1
1,18,971,1
1,14,226,1
11,18,323,1
1,17,417,1
3,22,334,1
1,22,346,1
3,10,324,1
20,13,336,1
3,13,324,1
3,13,665,1
1,15,334,1
3,10,335,1
2,11,324,1
1,21,393,1
2,18,336,1
3,10,336,1
3,19,337,1
2,15,336,1
3,11,485,1
11,9,336,1
1,10,337,1
2,17,346,1
2,18,248,1
2,15,336,1
117,1,297,2
3,16,487,1
13,11,334,1
2,1,336,1
4,0,491,1
7,11,485,1
1,20,442,1
1,21,346,1
1,11,224,1
3,19,336,1
2,9,324,1
2,19,336,1
5,17,960,1
3,11,678,1
3,20,486,1
4,18,191,1
2,21,346,1
2,3,121,1
3,20,121,1
12,17,482,1
2,12,336,1
2,0,331,1
6,3,336,1
1,11,525,1
3,18,167,1
7,2,243,2
12,13,336,1
10,16,336,1
3,13,483,1
2,13,324,1
6,20,486,1
1,11,336,1
8,12,486,1
27,10,336,1
7,11,225,1
2,15,336,1
8,10,325,1
3,10,442,1
1,22,336,1
2,9,331,1
4,18,962,1
5,11,336,1
1,16,216,1
2,17,966,1
5,12,336,1
2,13,335,1
2,19,346,1
1,19,331,1
1,21,447,1
2,8,486,1
2,16,861,1
12,9,336,1
5,15,336,1
5,18,331,1
2,14,352,1
2,20,336,1
7,20,539,2
2,19,337,1
38,4,297,2
2,18,349,1
16,11,336,1
2,16,971,1
1,14,336,1
1,8,961,1
1,0,337,1
3,18,161,1
2,14,332,1
1,15,352,1
9,15,186,1
2,14,331,1
2,10,346,1
1,11,791,1
155,4,297,2
11,13,336,1
6,17,346,1
8,16,485,1
4,21,334,1
6,8,336,1
2,13,225,1
5,12,336,1
2,16,487,1
14,20,349,1
2,12,393,1
2,10,331,1
1,17,0,1
2,10,352,1
2,11,351,1
1,12,332,1
2,15,221,1
4,10,336,1
2,9,336,1
3,15,442,1
1,19,322,1
4,12,223,1
8,19,336,1
1,14,336,1
2,13,324,1
13,18,332,1
2,16,134,1
1,15,491,1
22,15,336,1
11,9,336,1
4,11,336,1
1,18,337,1
37,21,252,2
1,21,346,1
1,20,346,1
2,17,322,1
2,14,352,1
2,13,678,1
1,19,324,1
5,19,485,1
6,15,244,1
14,17,336,1
1,13,224,1
2,20,962,1
1,17,467,1
2,22,485,1
2,17,336,1
14,21,486,1
4,16,346,1
1,13,491,1
2,10,485,1
4,18,346,1
133,8,534,1
4,10,337,1
15,18,349,1
2,7,336,1
1,21,229,1
2,13,555,1
12,11,322,1
1,10,337,1
2,9,336,1
2,14,336,1
2,10,324,1
1,5,336,1
9,17,486,1
3,7,336,1
5,12,336,1
2,10,421,1
10,16,346,1
2,14,164,1
3,14,421,1
1,9,337,1
3,19,352,1
7,17,337,1
1,0,336,1
2,21,218,1
5,11,487,1
5,14,346,1
1,10,494,1
3,8,336,1
12,8,336,1
2,10,336,1
2,13,336,1
1,18,224,1
3,15,336,1
143,16,336,1
12,23,248,2
1,16,336,1
3,16,336,1
3,20,161,1
1,14,336,1
6,9,336,1
6,16,487,1
2,15,336,1
7,16,336,1
11,22,244,1
8,12,0,1
12,16,447,1
3,8,393,1
96,11,502,2
24,16,336,1
1,12,417,1
12,8,336,1
1,17,191,1
1,14,336,1
3,23,447,1
1,15,336,1
2,9,335,1
2,16,336,1
3,20,537,1
2,12,485,1
8,14,225,1
1,11,692,1
2,20,336,1
2,15,336,1
2,12,324,1
1,16,0,1
1,0,618,1
1,11,971,1
29,22,336,1
2,15,485,1
2,19,223,1
13,21,381,1
1,9,336,1
2,15,346,1
2,10,336,1
2,11,972,1
1,14,336,1
2,18,346,1
1,17,336,1
4,13,324,1
11,15,337,1
83,7,223,2
1,12,487,1
1,21,339,1
3,12,336,1
3,15,421,1
3,9,336,1
1,19,447,1
4,10,312,1
4,12,336,1
1,9,487,1
2,19,370,2
2,12,962,1
1,8,324,1
1,21,407,1
4,11,336,1
1,19,524,1
2,7,346,1
2,13,336,1
4,12,346,1
2,13,688,1
10,18,960,1
1,9,242,1
2,21,225,1
2,13,485,1
2,18,393,1
4,11,336,1
6,19,485,1
2,12,346,1
4,12,482,1
2,15,331,1
54,11,482,1
4,14,336,1
3,18,482,1
2,13,213,1
2,10,0,1
2,11,516,1
3,16,336,1
2,9,336,1
1,10,324,1
14,1,224,1
3,16,318,1
1,14,485,1
2,16,442,1
16,11,331,1
137,19,375,1
77,19,336,1
12,7,216,1
1,18,966,1
2,22,337,1
2,20,486,1
4,11,324,1
82,0,297,2
1,14,349,1
2,21,333,1
6,17,331,1
2,8,352,1
1,13,336,1
2,17,331,1
4,22,346,1
2,16,421,1
2,17,336,1
2,9,336,1
5,7,0,1
3,14,336,1
3,20,0,1
1,12,486,1
7,19,331,1
7,15,336,1
1,23,336,1
1,17,337,1
7,0,334,1
2,9,336,1
4,19,336,1
2,12,336,1
2,15,491,1
2,0,530,1
1,15,0,1
6,11,336,1
42,22,372,2
2,21,336,1
3,16,485,1
12,21,324,1
2,11,486,1
2,15,336,1
1,17,151,1
3,2,485,1
1,18,339,1
46,7,850,2
2,5,346,1
65,21,252,1
3,19,336,1
1,18,417,1
11,6,537,2
1,11,324,1
3,20,485,1
6,18,331,1
2,16,331,1
4,10,487,1
2,19,336,1
7,19,349,1
6,23,225,1
3,11,333,1
1,16,262,1
1,10,334,1
8,15,346,1
2,22,170,1
4,10,971,1
14,18,419,1
1,0,961,1
2,22,336,1
2,15,960,1
3,17,905,1
6,12,336,1
15,17,323,1
4,22,225,1
41,9,349,1
5,12,336,1
2,11,220,1
2,18,336,1
1,11,337,1
12,11,337,1
1,9,337,1
16,18,417,1
2,10,337,1
2,6,491,1
2,12,336,1
1,15,336,1
12,1,336,1
3,19,421,1
19,10,349,1
6,22,486,1
28,16,331,1
3,20,225,1
1,17,346,1
2,19,223,1
3,19,336,1
1,11,324,1
3,20,336,1
2,19,331,1
1,22,331,1
4,20,336,1
4,20,650,1
2,16,336,1
2,15,331,1
2,22,412,1
2,18,225,1
8,22,261,2
2,9,334,1
1,9,337,1
6,11,486,1
5,17,336,1
2,20,336,1
1,16,336,1
9,14,336,1
2,13,336,1
6,23,334,1
3,20,336,1
2,19,181,1
2,11,417,1
2,13,324,1
5,15,225,1
1,8,331,1
3,20,678,1
2,19,337,1
2,13,346,1
3,12,336,1
2,20,324,1
2,11,324,1
2,21,324,1
4,16,336,1
1,13,417,1
3,11,324,1
2,13,962,1
1,10,452,1
1,16,346,1
1,10,334,1
3,15,447,1
2,19,549,1
5,8,336,1
2,11,393,1
2,16,331,1
9,11,351,1
1,19,336,1
12,20,530,2
3,15,346,1
2,16,535,1
4,14,346,1
2,10,336,1
1,11,961,1
1,15,225,1
5,19,485,1
1,13,487,1
2,17,156,1
1,7,373,2
1,16,331,1
4,16,0,1
7,16,191,1
4,18,349,1
2,12,331,1
2,22,349,1
2,16,393,1
245,0,235,2
5,16,323,1
2,13,678,1
9,20,336,1
8,20,335,1
21,2,252,2
2,23,331,1
77,19,336,1
3,13,336,1
2,16,398,1
4,14,336,1
5,21,332,1
1,7,336,1
1,16,336,1
2,21,221,1
31,19,336,1
10,19,447,1
21,2,372,2
5,14,346,1
6,22,225,1
4,19,336,1
2,12,421,1
55,20,331,1
4,14,393,1
1,21,485,1
1,18,0,1
1,6,485,1
4,17,336,1
7,1,674,2
4,18,393,1
2,10,336,1
1,13,221,1
2,12,226,1
2,6,336,1
2,21,346,1
1,18,324,1
4,21,336,1
4,20,337,1
1,6,336,1
2,7,336,1
1,10,336,1
2,10,336,1
3,13,337,1
2,14,393,1
2,11,421,1
9,14,336,1
3,0,590,1
2,23,487,1
4,10,336,1
4,9,312,1
1,16,486,1
3,22,346,1
2,13,336,1
1,11,467,1
3,11,336,1
2,12,225,1
2,13,161,1
4,14,349,1
2,17,336,1
2,11,447,1
5,17,336,1
2,19,421,1
3,17,441,1
2,21,336,1
5,21,221,1
1,10,436,1
1,14,0,1
3,9,336,1
2,1,337,1
2,18,923,1
5,10,336,1
2,15,225,1
9,19,336,1
3,19,331,1
2,21,486,1
2,15,485,1
2,11,485,1
9,16,336,1
2,20,487,1
2,19,337,1
1,12,678,1
2,20,336,1
1,19,491,1
3,16,336,1
2,18,336,1
13,9,346,1
4,10,485,1
1,12,324,1
71,16,336,1
2,11,316,1
2,18,336,1
1,14,190,1
2,12,485,1
4,23,225,1
1,18,318,1
2,13,393,1
9,12,485,1
4,12,346,1
4,2,336,1
3,13,336,1
6,6,923,2
7,17,487,1
6,12,336,1
2,21,352,1
1,11,336,1
2,23,337,1
7,1,531,2
1,9,494,1
4,22,421,1
3,18,346,1
1,15,333,1
4,15,336,1
2,16,352,1
33,14,333,1
7,10,336,1
2,18,346,1
2,15,324,1
2,13,336,1
5,20,213,1
2,7,336,1
1,23,336,1
5,0,346,1
2,16,485,1
1,22,917,1
15,9,337,1
1,16,333,1
2,17,332,1
1,12,336,1
4,17,336,1
2,16,346,1
4,9,485,1
2,15,334,1
8,14,324,1
5,19,337,1
2,17,487,1
1,21,336,1
2,20,346,1
3,10,443,1
9,21,486,1
2,15,485,1
2,19,352,1
29,7,257,1
2,13,336,1
1,11,441,1
25,23,372,2
1,9,337,1
5,18,336,1
2,14,377,1
4,10,336,1
1,17,346,1
5,12,313,1
16,2,593,1
4,23,336,1
1,20,216,1
23,19,213,2
2,10,485,1
23,21,213,2
1,17,324,1
9,7,500,1
1,13,351,1
3,12,225,1
2,9,352,1
3,18,339,1
1,7,221,1
2,17,352,1
1,9,336,1
4,12,336,1
2,13,481,1
9,13,421,1
1,19,336,1
1,12,331,1
2,1,178,1
2,10,336,1
4,6,491,1
4,4,256,2
4,15,331,1
7,11,367,1
2,12,335,1
2,13,331,1
3,10,324,1
2,8,331,1
2,9,467,1
2,13,316,1
2,2,316,1
1,12,377,1
3,7,417,1
2,17,336,1
2,22,0,1
2,17,333,1
33,0,371,1
10,11,492,1
2,23,181,1
4,8,420,1
1,22,336,1
9,18,486,1
1,7,324,1
2,19,334,1
4,13,390,1
17,14,442,1
3,22,225,1
2,17,486,1
3,9,336,1
2,20,485,1
4,9,334,1
4,12,336,1
1,15,491,1
2,14,336,1
1,9,337,1
3,23,216,1
2,10,336,1
2,15,352,1
1,20,331,1
4,12,487,1
37,6,235,2
2,15,336,1
2,13,966,1
8,14,244,1
5,17,336,1
3,12,346,1
4,16,336,1
4,20,336,1
1,18,352,1
2,9,336,1
2,16,324,1
1,22,421,1
3,22,336,1
2,17,223,1
1,12,0,1
1,13,352,1
11,10,349,1
2,21,396,1
1,20,248,1
2,9,327,1
2,19,336,1
2,15,336,1
2,15,324,1
4,10,336,1
2,0,336,1
2,15,332,1
1,23,336,1
2,10,487,1
52,2,242,2
2,11,336,1
1,18,331,1
2,12,486,1
2,13,336,1
1,15,331,1
1,18,324,1
2,9,0,1
2,23,331,1
2,13,486,1
1,9,337,1
2,15,311,1
2,19,352,1
13,22,324,1
2,13,336,1
2,10,914,1
4,8,336,1
6,0,244,1
2,18,485,1
1,9,0,1
7,19,336,1
2,18,331,1
2,22,486,1
18,12,336,1
6,18,442,1
1,10,346,1
1,20,336,1
2,0,485,1
2,11,393,1
1,11,0,1
4,16,495,1
3,22,336,1
8,18,346,1
2,18,335,1
2,12,312,1
2,5,377,1
6,13,336,1
1,15,336,1
3,18,316,1
2,17,398,1
13,18,393,1
2,16,336,1
2,10,336,1
8,12,486,1
1,16,237,1
46,7,380,2
5,16,336,1
2,12,485,1
1,13,337,1
6,18,328,1
3,14,336,1
1,9,337,1
3,21,486,1
10,11,223,1
11,15,225,1
15,23,336,1
6,21,417,1
2,20,324,1
1,5,337,1
8,9,331,1
3,19,331,1
2,6,521,1
1,14,337,1
2,22,337,1
3,18,331,1
8,14,485,1
1,16,186,1
7,13,336,1
1,0,336,1
2,18,447,1
1,21,491,1
1,19,336,1
2,13,336,1
4,10,417,1
4,18,336,1
4,22,519,1
4,14,798,1
1,17,905,1
2,20,336,1
105,13,502,2
1,10,336,1
9,16,421,1
1,14,132,1
1,19,349,1
4,10,336,1
4,5,336,1
3,15,421,1
6,6,0,1
2,13,223,1
4,5,336,1
4,13,337,1
1,15,336,1
1,16,0,1
2,5,336,1
3,13,487,1
2,18,316,1
2,20,447,1
2,17,485,1
1,20,414,1
6,14,336,1
3,22,336,1
1,8,336,1
3,19,593,2
5,11,336,1
1,12,336,1
1,16,346,1
1,16,336,1
1,15,337,1
4,11,336,1
1320,8,235,2
2,21,487,1
15,21,213,1
9,15,485,1
1,14,245,1
3,22,485,1
2,17,962,1
6,17,336,1
14,18,485,1
2,11,336,1
1,15,336,1
3,20,336,1
18,7,375,1
13,15,349,1
10,2,223,1
26,22,334,1
2,10,334,1
2,17,346,1
2,17,482,1
2,17,346,1
2,18,337,1
1,17,417,1
2,17,346,1
2,12,346,1
2,10,336,1
7,13,212,1
1,18,216,1
1,15,336,1
1,14,224,1
125,5,375,1
8,18,486,1
4,19,336,1
10,16,351,1
12,13,336,1
4,21,336,1
1,8,225,1
2,18,336,1
2,20,420,1
5,19,336,1
5,20,346,1
6,11,485,1
68,6,537,1
1,11,334,1
1,18,407,1
2,17,130,1
3,12,331,1
2,18,336,1
2,6,333,1
1,10,336,1
1,5,336,1
2,16,352,1
2,16,346,1
2,15,393,1
2,19,961,1
4,9,486,1
2,12,336,1
4,16,331,1
10,12,861,1
3,13,336,1
3,17,336,1
22,18,0,2
5,17,161,1
1,14,337,1
2,10,324,1
1,9,213,1
2,0,0,1
1,10,487,1
4,13,336,1
2,11,232,1
4,13,336,1
3,17,352,1
2,7,336,1
1,13,324,1
1,10,335,1
1,16,331,1
1,7,336,1
1,18,331,1
2,13,346,1
4,15,336,1
1,4,346,1
2,19,676,1
8,17,337,1
15,10,336,1
1,9,336,1
11,10,336,1
2,12,447,1
3,13,336,1
2,9,905,1
3,14,312,1
2,12,336,1
2,15,336,1
4,1,0,1
4,11,336,1
4,14,336,1
1,13,331,1
1,10,0,1
2,16,485,1
4,19,336,1
1,18,334,1
2,8,324,1
3,21,487,1
1,11,338,1
1,11,337,1
1,9,336,1
1,20,488,1
27,21,213,1
1,10,337,1
9,5,601,1
1,14,0,1
4,8,336,1
2,21,122,1
1,12,331,1
3,9,336,1
19,9,375,1
3,15,491,1
2,10,417,1
1,17,678,1
6,8,336,1
11,14,336,1
4,15,421,1
5,10,346,1
4,23,336,1
2,17,336,1
1,21,336,1
2,12,313,1
2,11,359,1
2,9,346,1
4,8,335,1
1,10,336,1
662,20,263,2
1,10,221,1
4,16,312,1
6,14,346,1
2,12,336,1
1,15,346,1
2,16,349,1
4,9,0,1
2,18,393,1
1,17,213,1
1,8,325,1
4,19,336,1
7,12,212,1
2,13,352,1
1,21,212,1
2,9,336,1
3,17,336,1
3,14,336,1
1,17,688,1
38,2,297,2
4,9,336,1
14,9,336,1
2,16,346,1
1,10,336,1
2,21,447,1
1,11,336,1
5,21,346,1
2,14,331,1
2,16,336,1
2,21,346,1
1,10,213,1
11,15,336,1
8,18,351,1
18,18,231,1
3,20,336,1
7,14,326,1
3,9,336,1
1,13,496,1
2,18,665,1
2,18,336,1
1,15,333,1
1,10,415,1
2,18,336,1
1,5,336,1
1,22,337,1
5,17,393,1
22,21,324,1
3,10,336,1
6,18,487,1
4,14,0,1
1,9,336,1
5,19,491,1
4,15,336,1
2,5,336,1
3,16,336,1
2,11,367,1
2,22,346,1
1,9,332,1
1,15,336,1
8,20,346,1
4,17,393,1
6,10,487,1
6,8,336,1
6,15,223,1
10,8,336,1
1,19,224,1
2,9,339,1
1,17,442,1
11,15,349,1
1,20,123,1
1,15,0,1
1,20,346,1
12,6,537,1
134,5,297,1
2,14,225,1
2,7,336,1
3,2,212,2
1,8,223,1
4,19,346,1
10,9,336,1
1,19,0,1
2,7,336,1
2,20,223,1
3,11,337,1
1,18,324,1
3,12,336,1
2,22,336,1
10,21,486,1
2,13,336,1
2,23,223,1
1,15,337,1
2314,1,263,2
2,22,336,1
1,18,336,1
3,17,416,1
3,14,334,1
1,13,447,1
3,13,486,1
2,15,590,1
11,16,331,1
46,7,382,2
2,15,324,1
1,17,346,1
4,10,393,1
2,8,223,1
2,11,336,1
14,2,221,2
1,12,324,1
1,19,447,1
2,20,337,1
2,14,346,1
1,15,449,1
1,12,334,1
39,22,235,2
2,9,336,1
2,2,336,1
4,22,221,2
317,2,235,2
1,14,337,1
2,8,336,1
1,12,336,1
2,13,861,1
9,21,967,1
1,19,336,1
1,20,492,1
2,6,336,1
4,8,262,1
2,10,0,1
2,17,486,1
1,17,216,1
9,14,262,1
4,12,441,1
1,19,333,1
16,16,331,1
16,22,239,2
2,8,352,1
8,13,336,1
8,19,336,1
1,19,336,1
1,12,336,1
2,10,221,1
8,12,486,1
2,11,336,1
2,12,486,1
1,23,393,1
3,15,160,1
2,20,349,1
2,18,336,1
1,9,346,1
5,17,678,1
4,19,351,1
3,12,336,1
1,22,346,1
1,9,336,1
2,16,352,1
2,18,336,1
7,11,316,1
1,15,237,1
16,12,324,1
5,14,336,1
1,18,972,1
2,10,0,1
10,17,336,1
1,5,336,1
2,18,349,1
8,16,336,1
16,15,333,1
1,13,0,1
2,18,216,1
1,20,349,1
2,16,393,1
4,9,336,1
8,20,336,1
11,20,487,1
1,9,678,1
2,16,337,1
4,17,650,1
5,8,337,1
13,13,346,1
2,17,336,1
3,17,486,1
2,19,317,1
4,17,225,1
4,20,485,1
15,10,331,1
12,16,336,1
1,17,961,1
1,0,336,1
9,12,966,1
2,10,262,1
2,12,324,1
3,21,336,1
2,16,225,1
4,23,336,1
5,10,349,1
1,20,336,1
3,19,331,1
6,15,190,1
2,7,212,1
1,16,447,1
89,3,297,1
1,10,336,1
29,18,482,1
2,21,0,1
37,4,297,1
1,10,336,1
8,20,336,1
7,7,336,1
2,20,486,1
3,16,223,1
1,21,491,1
29,19,213,2
1,10,336,1
1,20,687,1
2,14,487,1
1,15,537,1
7,19,346,1
3,23,336,1
2,18,336,1
5,12,487,1
2,18,336,1
2,16,335,1
2,7,336,1
3,18,336,1
2,12,223,1
17,11,417,1
1,20,336,1
2,14,331,1
7,21,336,1
2,11,339,1
6,16,336,1
2,10,485,1
29,19,213,1
4,15,352,1
1,19,337,1
20,19,336,1
1,8,960,1
128,12,502,2
1,12,346,1
1,18,248,1
1,20,201,1
20,13,967,2
1,12,352,1
1,10,331,1
7,9,349,1
13,20,336,1
2,8,201,1
4,20,336,1
2,12,324,1
2,20,336,1
2,0,336,1
2,10,336,1
1,17,225,1
3,19,346,1
8,12,336,1
11,21,334,1
11,14,485,1
11,18,334,1
2,20,447,1
2,14,333,1
1,10,336,1
1,9,829,1
8,18,337,1
4,3,336,1
1,9,336,1
5,11,324,1
2,17,555,1
1,13,351,1
4,15,377,1
2,19,486,1
4,13,486,1
2,17,491,1
2,10,336,1
8,11,419,1
14,18,336,1
4,5,324,1
2,18,333,1
1,16,676,1
8,19,487,1
1,12,336,1
2,14,223,1
2,21,486,1
1,14,486,1
7,12,223,1
7,13,332,1
2,18,346,1
2,8,336,1
1,16,393,1
2,11,314,1
3,9,336,1
1,16,332,1
8,13,419,1
2,14,670,1
8,22,850,2
1,8,679,1
1,22,229,1
1,18,442,1
3,19,487,1
2,15,334,1
1,11,312,1
132,3,537,1
1,13,337,1
2,19,336,1
1,17,324,1
5,13,324,1
2,20,336,1
1,14,336,1
2,11,486,1
1,12,216,1
120,2,297,1
6,22,381,1
18,21,336,1
3,9,331,1
8,14,336,1
10,13,417,1
1,17,363,1
1,15,311,1
4,20,486,1
1,9,447,1
2,18,346,1
3,16,464,1
1,16,130,1
2,9,336,1
2,8,337,1
4,15,971,1
1,13,485,1
4,10,441,1
1,16,442,1
1,15,486,1
2,8,324,1
15,10,334,1
15,21,244,1
1,10,361,1
1,17,185,1
8,18,486,1
4,15,349,1
2,16,337,1
2,15,346,1
4,18,336,1
2,15,351,1
5,8,336,1
4,16,336,1
40,3,375,1
4,3,336,1
13,16,336,1
2,22,334,1
2,15,447,1
48,19,263,2
2,10,492,1
4,23,216,2
1,6,417,1
19,11,346,1
1,10,346,1
3,12,336,1
2,6,336,1
6,17,335,1
4,17,336,1
1,12,332,1
14,21,336,1
2,22,346,1
9,15,332,1
6,16,331,1
2,0,256,1
3,7,491,1
2,8,312,1
2,10,336,1
2,12,180,1
3,18,213,1
3,18,331,1
1,15,0,1
2,10,861,1
1,10,337,1
15,16,331,1
1,18,688,1
9,22,486,1
2,13,316,1
10,19,485,1
7,21,485,1
2,23,485,1
1,13,491,1
1,11,336,1
2,18,336,1
2,10,324,1
1,8,0,1
2,20,349,1
1,6,221,1
9,11,336,1
4,21,485,1
20,13,371,2
24,22,252,2
1,13,971,1
1,12,390,1
7,13,336,1
3,14,336,1
2,17,351,1
4,17,336,1
2,17,336,1
15,10,421,1
10,14,417,1
5,17,665,1
1,18,393,1
3,11,336,1
1,16,223,1
4,13,346,1
1,12,0,1
1,12,322,1
2,16,336,1
2,21,224,1
3,14,332,1
2,2,346,1
4,8,337,1
2,10,534,1
1,16,614,1
3,17,402,1
2,14,331,1
3,14,336,1
7,17,336,1
2,21,336,1
2,22,324,1
5,16,336,1
7,21,372,2
15,10,349,1
2,16,485,1
6,11,336,1
1,16,234,1
4,15,277,1
1,14,164,1
1,13,393,1
2,17,248,1
4,10,336,1
2,19,351,1
2,16,318,1
7,11,861,1
1,11,336,1
10,10,336,1
43,4,0,1
1,9,0,1
1,18,225,1
2,16,324,1
2,7,244,1
14,19,336,1
1,11,905,1
9,17,334,1
3,11,331,1
2,12,487,1
1,17,337,1
7,12,336,1
1,9,336,1
2,14,324,1
5,16,223,1
14,10,336,1
2,1,351,1
2,16,352,1
4,19,417,1
5,19,223,1
1,18,491,1
4,17,337,1
5,14,336,1
2,17,336,1
1,12,338,1
1,13,335,1
1,21,233,1
4,13,346,1
6,12,336,1
5,13,331,1
2,18,487,1
1,22,336,1
1,14,485,1
3,19,337,1
2,12,336,1
7,20,336,1
4,10,335,1
4,7,654,1
1,17,336,1
1,10,362,1
3,20,447,1
4,18,678,1
8,19,407,1
1,17,336,1
1,7,336,1
13,1,225,1
2,17,349,1
1,14,336,1
5,15,335,1
1,11,336,1
1,9,336,1
6,10,334,1
4,19,336,1
2,16,336,1
7,2,536,2
2,10,336,1
6,17,336,1
2,12,336,1
15,9,861,1
7,18,485,1
3,21,485,1
2,8,324,1
3,15,336,1
4,15,324,1
2,21,336,1
6,21,346,1
2,17,485,1
2,18,336,1
2,15,420,1
1,17,324,1
6,21,337,1
2,20,336,1
2,18,225,1
2,17,336,1
2,14,352,1
1,19,346,1
2,11,331,1
3,5,336,1
2,15,349,1
2,7,336,1
2,7,664,1
1,16,336,1
3,12,121,1
1,20,180,1
4,14,485,1
5,8,336,1
2,20,487,1
86,17,482,1
2,17,331,1
2,20,337,1
2,18,336,1
1,13,486,1
1,17,234,1
4,8,324,1
1,12,331,1
4,14,336,1
14,20,419,1
2,14,346,1
3,13,337,1
2,17,336,1
7,16,337,1
3,9,336,1
11,13,336,1
4,9,417,1
5,19,336,1
1,9,0,1
1,22,967,1
8,19,130,1
4,1,336,1
2,15,278,1
8,13,349,1
5,17,393,1
4,21,225,1
2,14,339,1
1,22,336,1
2,11,349,1
2,15,337,1
9,13,336,1
4,22,332,1
3,15,337,1
2,10,336,1
1,17,331,1
2,15,346,1
3,10,337,1
3,20,336,1
1,6,0,1
2,19,331,1
2,19,324,1
3,11,336,1
2,17,393,1
8,22,221,1
4,9,336,1
13,6,537,2
8,10,861,1
2,14,324,1
1,10,336,1
7,9,334,1
2,22,485,1
17,14,331,1
4,19,336,1
6,15,336,1
2,17,421,1
2,12,336,1
13,20,336,1
9,9,961,1
11,15,336,1
2,13,557,1
2,20,487,1
1,11,306,1
1,17,316,1
1,16,336,1
2,9,336,1
6,9,338,1
2,13,486,1
2,21,346,1
6,16,336,1
2,11,336,1
1,9,346,1
6,19,334,1
3,12,486,1
1,23,337,1
2,16,485,1
9,15,335,1
4,8,972,1
30,19,0,2
2,15,221,1
5,16,336,1
2,22,346,1
2,23,336,1
18,23,375,2
7,22,485,1
5,21,412,1
3,11,336,1
42,2,297,1
2,15,346,1
15,19,336,1
12,9,336,1
7,12,359,1
2,21,331,1
5,8,336,1
1,22,336,1
3,9,393,1
5,17,336,1
2,14,967,1
4,18,336,1
1,20,498,1
5,21,486,1
5,15,967,1
1,17,151,1
2,12,485,1
5,23,489,1
2,15,485,1
3,19,257,2
2,17,352,1
2,8,336,1
8,19,336,1
1,18,223,1
2,11,349,1
4,7,336,1
16,9,336,1
5,15,336,1
9,19,336,1
10,19,336,1
11,10,331,1
2,20,346,1
2,0,485,1
2,9,336,1
1,13,336,1
5,20,336,1
2,15,336,1
2,14,485,1
2,15,336,1
2,18,346,1
2,9,346,1
2,12,336,1
9,9,349,1
1,11,971,1
3,14,336,1
3,19,331,1
2,11,336,1
1,11,324,1
5,15,278,1
2,11,349,1
3,17,324,1
2,13,496,1
3,20,960,1
7,1,535,2
4,15,221,1
130,9,534,1
2,14,316,1
5,15,485,1
5,19,346,1
4,8,349,1
2,17,442,1
12,11,349,1
2,14,336,1
3,20,485,1
2,7,225,1
17,22,213,2
1,10,437,1
200,11,502,2
1,11,346,1
6,18,161,1
2,11,334,1
1,11,324,1
1,23,331,1
1,16,336,1
2,21,170,1
1,17,331,1
1,18,337,1
2,17,336,1
1,12,485,1
2,15,390,1
1,14,0,1
3,10,421,1
2,12,417,1
2,18,337,1
2,11,223,1
1,4,336,1
3,19,792,1
4,22,486,1
1587,4,235,2
6,7,642,1
2,12,339,1
1,16,336,1
3,19,359,1
7,2,241,2
2,19,216,1
1,17,312,1
5,12,324,1
1,13,336,1
1,16,618,1
9,11,336,1
14,12,419,1
2,11,447,1
8,20,331,1
2,12,358,1
1,17,334,1
2,11,223,1
3,1,225,1
3,9,324,1
2,17,417,1
7,16,331,1
13,11,336,1
2,23,346,1
2,14,487,1
1,16,331,1
2,19,393,1
8,16,351,1
20,12,535,2
2,9,420,1
2,11,332,1
1,13,223,1
2,3,336,1
3,19,336,1
1,21,905,1
1,13,336,1
4,16,420,1
1,21,324,1
1,11,337,1
40,23,232,2
1,11,337,1
7,14,321,1
2,8,336,1
4,11,324,1
1,18,393,1
9,17,336,1
2,23,337,1
1,3,336,1
7,8,349,1
1,19,336,1
42,4,297,2
1,17,334,1
2,20,407,1
2,19,337,1
5,12,0,1
6,18,349,1
9,17,485,1
2,16,485,1
3,18,962,1
5,10,336,1
3,18,336,1
2,15,336,1
6,21,223,1
1,10,447,1
2,14,336,1
4,23,336,1
1,11,336,1
2,0,316,1
1,19,971,1
8,23,178,1
2,10,233,1
2,11,486,1
3,18,346,1
2,16,335,1
6,21,349,1
2,22,486,1
3,10,331,1
5,18,346,1
1,9,333,1
2,22,352,1
6,13,452,1
5,15,337,1
4,14,336,1
1,21,917,1
2,13,225,1
1,21,534,2
2,13,485,1
6,10,336,1
1,23,337,1
4,19,223,1
1,14,336,1
3,9,331,1
1,21,421,1
4,11,324,1
5,20,359,1
1,11,485,1
1,22,381,1
2,20,346,1
2,19,337,1
2,16,629,1