4,3658,1
3,7231,1
23,3723,1
31,5176,1
4,11485,1
10,4143,1
9,489,1
5,5311,1
31,5682,1
9,3884,1
7,9848,1
6,3934,1
3,7261,1
9,3392,1
3,7738,1
185,89770,2
29,3630,1
10,4747,1
25,4515,1
35,5729,1
2,2400,1
3,4239,1
4,304,1
4,3600,1
6,3651,1
27,4917,1
2,2545,1
5,5277,1
4,7691,1
4,7591,1
4,4949,1
8,3959,1
4,9433,1
12,5961,1
2,2176,1
3,7637,1
7,109,2
4,5609,1
16,5284,1
3,3690,1
6,3617,1
4,3903,1
8,7710,1
29,5083,1
7,3835,1
4,7941,1
3,5218,1
25,15502,1
23,4144,1
7,3956,1
8,4294,1
4,3787,1
16,4076,1
4,5823,1
34,4804,1
5,10894,1
8,3819,1
4,8036,1
2,2377,1
4,80,2
2,746,1
3,8520,1
46,8356,1
3,7361,1
4,7418,1
2,4805,1
6,4292,1
40,13652,1
66,11519,1
4,6721,1
22,3729,1
12,15939,1
4,8802,1
3,7689,1
33,5971,1
8,3810,1
13,2665,1
146,14326,1
6,14978,1
25,4417,1
5,9775,1
8,4418,1
9,4737,1
3,7391,1
2,5785,1
5,14355,1
181,47823,2
3,5468,1
6,8973,1
7,9080,1
6,6222,1
3,5796,1
60,10372,1
6,6745,1
8,4473,1
51,9207,1
21,3842,1
23,4207,1
25,4052,1
7,16829,1
42,15174,1
6,3758,1
13,199,2
31,5468,1
31,5409,1
23,4081,1
9,5685,1
29,5014,1
312,53350,2
3,4731,1
25,4096,1
11,6068,1
5,11220,1
39,7027,1
5,4501,1
34,3698,1
4,9399,1
10,4630,1
10,5349,1
8,4225,1
3,4675,1
16,14617,1
4,5095,1
4,167,1
3,5340,1
20,3612,1
7,6790,1
20,16244,1
9,7859,1
3,7331,1
32,5675,1
6,8887,1
6,3734,1
18,8262,1
50,8620,1
4,7428,1
4,135,1
7,4429,1
9,3616,1
18,7649,1
9,9440,1
4,8354,1
2,1999,1
34,5967,1
2,2510,1
22,3890,1
33,5960,1
4,5110,1
3,4232,1
8,3981,1
3,4500,1
539,84777,2
3,7632,1
71,12488,1
3,7805,1
2,1800,1
20,3664,1
5,7624,1
3,7672,1
23,4113,1
5,11765,1
4,1054,1
4,9847,1
2,3050,1
21,3663,1
3,7249,1
8,10572,1
15,7190,1
4,7868,1
16,2803,1
3,3743,1
3,7494,1
4,9927,1
4,4377,1
33,6197,1
7,8069,1
4,10455,1
12,5516,1
6,3893,1
55,23350,1
11,5609,1
7,8052,1
11,6893,1
22,3882,1
8,10248,1
4,4175,1
3,5150,1
6,13674,1
21,3168,1
3,358,1
13,6357,1
2,5752,1
3,9060,1
10,3809,1
28,4936,1
12,3745,1
8,3643,1
2,101,1
27,7464,1
8,88,2
36,6579,1
12,5926,1
4,7764,1
7,6156,1
9,10102,1
40,7266,1
8,3814,1
8,3864,1
17,6428,1
5,3945,1
4,4820,1
23,3855,1
6,3776,1
2,2835,1
4,3506,1
9,4958,1
15,6642,1
36,6184,1
3,7747,1
8,4101,1
24,4315,1
14,8074,1
29,12354,1
4,8308,1
21,3685,1
22,4003,1
5,4266,1
33,5896,1
5,6068,1
8,4418,1
12,5510,1
8,6574,1
22,3923,1
8,3990,1
8,3734,1
4,5547,1
8,4214,1
24,4153,1
17,7437,1
8,4175,1
20,8807,1
9,6814,1
6,12433,1
5,3765,1
37,6147,1
12,5106,1
4,3710,1
7,17320,1
10,3832,1
10,3670,1
20,3622,1
4,8066,1
6,14429,1
13,846,1
106,8502,1
13,6727,1
7,6636,1
2,3173,1
11,10959,1
2,2466,1
28,5101,1
3,7410,1
27,4482,1
64,10898,1
6,7026,1
8,3818,1
95,72671,2
3,7478,1
23,3919,1
1,24,1
6,4511,1
8,4173,1
27,4929,1
27,4895,1
4,8911,1
4,13834,1
4,4971,1
8,658,1
3,8561,1
8,6964,1
6,3954,1
4,4319,1
28,4918,1
4,4601,1
4,8843,1
25,4508,1
4,9510,1
4,8349,1
35,6196,1
33,5859,1
8,3855,1
12,4875,1
4,5364,1
47,8449,1
22,3940,1
1,742,1
2,2725,1
32,5781,1
71,12639,1
4,8405,1
4,3956,1
3,125,1
12,5626,1
38,6697,1
36,6477,1
2,9018,1
3,7466,1
24,4359,1
4,141,1
8,4623,1
31,5558,1
2,4853,1
10,13736,1
11,15263,1
14,6031,1
4,9896,1
13,199,2
141,75683,1
6,10217,1
36,6088,1
4,2477,1
3,1923,1
3,647,1
3,7582,1
4,5255,1
25,4241,1
4,4084,1
24,4345,1
4,5622,1
8,3488,1
4,2673,1
7,4470,1
5,216,1
1301,283449,2
10,7312,1
7,109,1
45,8102,1
24,4196,1
20,5245,1
32,5749,1
3,7216,1
69,12528,1
577,260502,2
4,8225,1
3,7388,1
19,5145,1
24,4129,1
3,9170,1
10,4765,1
25,4569,1
3,7636,1
4,3599,1
9,6465,1
4,8603,1
4,4717,1
20,6195,1
8,4064,1
10,6199,1
8,4432,1
28,4858,1
5,5521,1
3,4018,1
4,2783,1
9,22124,1
39,15785,1
6,3682,1
24,11841,1
20,3652,1
10,5173,1
22,15543,1
10,5594,1
3,7549,1
37,6307,1
1301,283449,2
29,5158,1
3,9813,1
20,9019,1
8,88,2
18,13958,1
218,103574,2
5,5593,1
3,9161,1
7,3633,1
8,1170,1
29,5220,1
3,5659,1
9,6657,1
5,1774,1
4,4849,1
4,2187,1
8,4048,1
5,3846,1
4,2055,1
238,108836,2
8,3858,1
10,5068,1
9,4212,1
8,3728,1
3,2314,1
4,8494,1
17,12487,1
3,7540,1
4,8206,1
43,7553,1
6,8149,1
6,6153,1
9,2460,1
18,15971,1
4,5060,1
8,3651,1
26,4601,1
4,9206,1
56,9642,1
4,2659,1
1,39,1
8,4879,1
2,2852,1
21,3683,1
28,4952,1
12,6612,1
96,49308,1
10,5036,1
1301,283449,2
6,11920,1
2,262,1
2,314,1
4,6499,1
7,4869,1
17,3709,1
4,4437,1
4,7834,1
4,7707,1
3,7419,1
8,6387,1
17,3692,1
13,199,2
27,4640,1
4,7846,1
4,9881,1
7,15722,1
20,4764,1
32,21400,1
9,4999,1
27,4306,1
3,97,1
18,4297,1
4,4749,1
6,4480,1
2,2918,1
8,4265,1
4,4122,1
138,37717,2
3,7653,1
6,14797,1
26,4564,1
8,9341,1
51,21055,1
3,4953,1
10,5166,1
3,8159,1
10,5778,1
7,628,1
8,12768,1
33,5843,1
26,4825,1
23,2681,2
6,11779,1
6,3740,1
9,4515,1
27,4652,1
4,8912,1
4,7504,1
23,4211,1
24,11508,1
5,3889,1
4,5634,1
5,5811,1
3,4355,1
11,6866,1
28,4630,1
4,7382,1
4,8518,1
52,25883,1
2,2060,1
25,4179,1
12,4933,1
2,3600,1
148,54259,1
3,6187,1
14,3094,1
8,3651,1
13,2197,1
6,3931,1
27,4903,1
4,4204,1
6,9703,1
5,5495,1
82,14670,1
11,10651,1
3,7682,1
6,4255,1
5,5463,1
3,7425,1
8,88,2
10,5233,1
9,9019,1
35,6277,1
6,3889,1
35,6101,1
25,4474,1
23,4177,1
3,8677,1
4,4579,1
29,5257,1
4,4372,1
4,7318,1
10,5551,1
14,14248,1
9,272,1
5,5692,1
762,117700,1
4,5541,1
13,11778,1
25,10499,1
61,28537,1
4,8907,1
10,5529,1
8,9910,1
17,8024,1
28,12027,1
19,10431,1
4,1778,1
41,7336,1
10,4989,1
7,3871,1
6,8991,1
1301,283449,2
15,6187,1
12,17031,1
1,60,1
3,7823,1
14,6368,1
7,3953,1
4,8019,1
30,5167,1
27,4880,1
3,7423,1
6,9981,1
2,6941,1
4,4215,1
10,4622,1
4,5424,1
1,41,1
34,14289,1
3,7900,1
53,27254,2
308,84245,2
82,8514,1
3,8917,1
2,4105,1
3,8559,1
49,8022,1
6,10800,1
4,3688,1
27,4075,1
6,4636,1
3,9348,1
7,4573,1
4,8100,1
10,3765,1
31,11301,1
4,117,1
22,3613,1
8,4749,1
35,6101,1
10,4126,1
118,90951,2
4,8967,1
6,8371,1
22,10761,1
28,4226,1
24,4205,1
4,8041,1
5,11335,1
4,5072,1
7,132,1
32,17714,1
6,12932,1
33,5672,1
4,6460,1
6,7605,1
1301,283449,2
10,4378,1
4,6787,1
29,5104,1
8,5526,1
3,8809,1
2,323,1
1301,283449,2
4,6063,1
5,14739,1
25,4473,1
8,4169,1
29,5165,1
4,2388,1
28,4640,1
10,4616,1
8,4468,1
2,1803,1
25,4478,1
38,6671,1
8,3903,1
8,4424,1
2,1800,1
22,4004,1
31,5400,1
4,10116,1
6,16772,1
4,11241,1
8,4097,1
10,4640,1
10,5986,1
22,14050,1
3,7387,1
5,13144,1
4,4164,1
25,4388,1
3,860,1
23,4260,1
4,3761,1
11,2282,1
8,3971,1
8,4432,1
5,12217,1
22,10538,1
25,4264,1
4,4148,1
33,5779,1
4,4475,1
4,10967,1
85,40295,1
13,7603,1
16,8319,1
2,3325,1
37,6580,1
4,12735,1
11,2660,1
4,11222,1
36,6596,1
28,4952,1
4,8171,1
4,3475,1
6,4609,1
28,4889,1
6,15622,1
32,5514,1
6,5574,1
12,5965,1
6,10112,1
8,4537,1
2,5705,1
26,4413,1
45,7899,1
4,9541,1
3,7231,1
5,5037,1
6,16350,1
8,6408,1
30,5210,1
24,4177,1
6,3655,1
3,7214,1
9,4324,1
26,4536,1
5,4716,1
4,4137,1
25,4515,1
14,6097,1
4,8262,1
28,4651,1
10,5339,1
15,8177,1
28,3404,1
38,15588,1
22,3891,1
3,7886,1
3,4400,1
21,3812,1
7,6548,1
22,6558,1
8,3686,1
4,7893,1
27,4228,1
8,4135,1
6,6196,1
45,7903,1
3,8492,1
10,5408,1
6,6938,1
8,7159,1
4,10104,1
3,8019,1
4,3907,1
9,21402,1
2,2000,1
3,7310,1
71,15506,1
8,88,2
9,8793,1
4,7852,1
16,6379,1
5,5218,1
4,9258,1
189,29074,2
6,4287,1
8,6038,1
20,3670,1
4,4582,1
33,5703,1
8,3620,1
18,3363,1
10,16173,1
5,7500,1
5,13004,1
5,11265,1
15,6571,1
4,11153,1
8,3697,1
34,5968,1
4,4956,1
11,5569,1
40,6412,1
250,36954,1
4,7719,1
8,1260,1
16,3888,1
6,246,1
4,9126,1
32,5749,1
6,19977,1
41,13467,1
5,14686,1
3,7343,1
10,4905,1
14,6356,1
5,3997,1
7,4085,1
2,314,1
178,25944,2
36,6412,1
26,4354,1
14,17502,1
4,8224,1
4,2563,1
29,5358,1
22,3682,1
4,4387,1
16,7048,1
6,5826,1
6,3712,1
6,6590,1
3,3942,1
10,4515,1
4,14745,1
3,7816,1
4,8730,1
7,3814,1
123,92775,1
8,4193,1
6,3613,1
2,3084,1
2,2902,1
712,160017,2
12,5725,1
26,4694,1
34,6172,1
8,6392,1
21,3752,1
23,3976,1
3,9294,1
6,7439,1
8,16995,1
90,48991,1
21,3615,1
7,6583,1
32,5706,1
4,5400,1
5,10965,1
7,4541,1
28,5012,1
7,4215,1
25,3796,1
35,6116,1
11,8624,1
3,5172,1
37,6805,1
23,3618,1
45,7413,1
24,3869,1
8,4009,1
11,6503,1
14,2712,1
23,4082,1
8,4099,1
6,4717,1
15,11294,1
21,3747,1
20,7561,1
4,6830,1
4,33,1
3,494,1
34,6080,1
9,4221,1
21,3708,1
33,5456,1
28,5056,1
6,5171,1
69,10736,1
30,5478,1
54,6551,2
28,12171,1
3,130,1
5,7119,1
7,5356,1
11,5144,1
579,84904,1
16,2681,1
10,5198,1
4,140,1
24,4435,1
3,7205,1
9,5314,1
1,1,1
22,3753,1
4,10881,1
8,3301,1
35,6187,1
23,4286,1
4,4854,1
4,4135,1
21,3692,1
36,6277,1
8,4144,1
7,1712,1
37,21005,2
3,7346,1
97,49215,1
2,4530,1
22,14690,1
52,18282,1
3,7337,1
3,7239,1
21,3720,1
15,3837,1
6,7962,1
10,4750,1
712,160017,2
4,9804,1
51,8954,1
22,3958,1
3,7260,1
14,5831,1
7,6178,1
9,13264,1
60,10373,1
3,7955,1
4,675,1
25,4511,1
3,3548,1
24,4043,1
13,27203,1
7,6507,1
8,13047,1
1,228,1
3,7518,1
8,14671,1
10,4875,1
4,5928,1
4,9405,1
22,4091,1
4,12723,1
1,101,1
10,5186,1
37,6559,1
21,3795,1
45,8128,1
24,4323,1
7,3720,1
4,4426,1
24,16296,1
4,7743,1
24,4085,1
8,3907,1
10,3871,1
2,1964,1
2,210,1
5,13508,1
11,11075,1
21,9787,1
6,8170,1
3,8008,1
56,27350,1
29,5003,1
5,4146,1
166,72159,2
4,8772,1
178,23063,2
12,3201,1
4,7716,1
5,12672,1
30,5498,1
6,4614,1
10,15835,1
37,5768,1
1301,283449,2
5,6274,1
3,9,1
34,22911,1
181,47823,2
32,5501,1
6,6538,1
54,27201,2
1,84,1
3,7331,1
27,4970,1
37,16741,1
4,8875,1
23,3794,1
22,3854,1
10,11197,1
22,1909,1
4,7951,1
519,72818,2
6,3884,1
23,3872,1
20,7504,1
11,9618,1
2,2002,1
5,12091,1
3,7409,1
12,5896,1
6,4904,1
6,2227,1
16,6996,1
5,3879,1
100,17932,1
24,4067,1
22,3810,1
3,4251,1
22,3878,1
7,3866,1
55,9601,1
3,8147,1
28,4643,1
16,7935,1
15,11187,1
20,3630,1
5,11278,1
11,6196,1
4,9187,1
60,28597,1
6,10995,1
41,6900,1
26,4796,1
2,7966,1
13,3717,1
31,3943,1
12,8415,1
26,4632,1
7,474,1
14,6383,1
20,3639,1
10,2390,1
3,2138,1
3,16302,1
4,8704,1
2,2560,1
8,4051,1
5,3972,1
20,3658,1
39,6846,1
32,6800,1
9,3794,1
23,3982,1
25,4220,1
6,16312,1
2,2093,1
8,12609,1
3,2771,1
3,8007,1
2,1970,1
32,5779,1
30,5416,1
12,5906,1
8,8823,1
181,47823,2
1,30,1
8,4089,1
4,5501,1
2,2271,1
22,3897,1
18,19627,1
5,12017,1
30,5366,1
8,3750,1
27,3609,1
3,7258,1
8,76,1
4,3758,1
3,7380,1
15,3741,1
4,4036,1
4,4490,1
27,4892,1
4,8401,1
4,9025,1
10,4271,1
5,8132,1
3,4182,1
22,3656,1
6,5424,1
4,4046,1
8,4880,1
9,7900,1
18,12993,1
6,3600,1
4,5778,1
4,4607,1
12,5806,1
30,5334,1
4,7750,1
16,7527,1
8,5555,1
4,3653,1
2,2617,1
32,5681,1
28,4706,1
10,3949,1
6,6376,1
41,7582,1
5,4605,1
58,20112,1
21,11297,1
3,7416,1
8,3901,1
7,20184,1
28,13840,1
6,11582,1
7,8122,1
5,13981,1
4,9796,1
12,5234,1
460,70291,2
19,8932,1
4,5606,1
4,4985,1
4,7149,1
4,3832,1
6,2729,1
9,5851,1
21,3605,1
23,4161,1
12,5753,1
4,6814,1
21,3784,1
3,7132,1
21,16313,1
2,2622,1
24,3987,1
26,4663,1
9,5668,1
33,5745,1
4,6790,1
4,5216,1
3,10801,1
4,6701,1
3,7838,1
3,763,1
8,7317,1
8,3668,1
8,4146,1
1,382,1
4,8447,1
9,3890,1
7,4371,1
3,7359,1
6,373,1
13,3320,1
4,8364,1
8,3714,1
4,4572,1
324,75953,1
30,5402,1
16,7411,1
11,4294,1
20,3709,1
4,8196,1
4,4408,1
39,6808,1
3,3887,1
4,4384,1
4,3265,1
10,4046,1
6,17874,1
3,5919,1
7,109,2
13,18655,1
4,10177,1
20,10348,1
4,7471,1
4,12935,1
24,4306,1
4,6170,1
3,7246,1
15,259,2
25,6973,1
24,4262,1
9,15488,1
8,4777,1
4,5110,1
8,4221,1
3,1841,1
4,8973,1
8,6745,1
13,16146,1
49,8671,1
4,8146,1
11,4731,1
6,11933,1
3,7790,1
8,4834,1
6,16985,1
7,8350,1
24,4388,1
72,31107,1
15,6557,1
29,5171,1
13,15600,1
1,258,1
36,6372,1
26,4285,1
24,4366,1
21,3673,1
1,93,1
6,8976,1
4,5697,1
277,39852,1
4,9112,1
4,7207,1
5,7843,1
12,6006,1
7,5737,1
5,11282,1
4,3851,1
18,3865,1
9,4203,1
10,3102,1
3,7696,1
3,14397,1
11,22934,1
23,4051,1
5,6331,1
22,3795,1
59,10229,1
14,6760,1
9,7507,1
16,1642,1
4,4090,1
12,4409,1
10,4978,1
9,13606,1
35,6146,1
3,17178,1
9,742,1
21,3697,1
70,10064,1
5,4437,1
14,9378,1
32,5568,1
4,3710,1
4,342,1
3,7295,1
7,4483,1
24,4190,1
4,4558,1
3,7270,1
4,4024,1
6,3646,1
37,6449,1
1301,283449,2
3,2095,1
4,16752,1
8,4149,1
4,10562,1
19,6475,1
9,4923,1
48,6132,1
3,5995,1
8,3741,1
5,9330,1
4,17,1
23,3842,1
6,3735,1
12,5777,1
10,4454,1
23,4177,1
16,14246,1
4,16819,1
4,6354,1
4,4051,1
18,8879,1
21,3717,1
8,4029,1
10,5929,1
36,6437,1
58,10146,1
3,7269,1
10,4305,1
7,109,2
6,2766,1
25,3736,1
4,4056,1
4,7989,1
4,8086,1
18,9533,1
455,67667,2
8,4196,1
8,3631,1
10,3732,1
3,7576,1
23,4051,1
6,7754,1
8,4485,1
4,8340,1
90,16668,1
9,5206,1
4,8456,1
2,138,1
11,17458,1
3,7232,1
22,3800,1
12,4208,1
15,5816,1
22,3925,1
3,5421,1
19,8375,1
4,6026,1
3,5575,1
8,4403,1
4,4454,1
4,13508,1
7,2720,1
20,3655,1
3,7240,1
16,9721,1
29,4870,1
181,47823,2
46,9752,1
14,5894,1
11,12183,1
29,5246,1
14,5860,1
3,7493,1
20,5454,1
2,2425,1
12,1137,1
41,6945,1
3,5280,1
3,3835,1
2,31,1
27,4973,1
14,5946,1
4,3916,1
8,3606,1
4,2135,1
8,3875,1
4,5639,1
22,5667,1
8,4325,1
36,6072,1
22,3809,1
10,18556,1
7,8277,1
21,3862,1
3,3600,1
3,15690,1
5,5201,1
15,9716,1
189,29074,2
5,6523,1
3,4022,1
2,2775,1
13,6308,1
8,4029,1
3,3768,1
3,3824,1
8,18774,1
25,4529,1
22,3708,1
4,4396,1
7,6504,1
17,8496,1
4,3698,1
3,142,1
8,88,2
4,2954,1
4,7703,1
75,32177,1
5,11887,1
6,9023,1
6,4299,1
14,3658,1
79,54140,1
24,4315,1
9,12801,1
9,22230,1
5,7378,1
6,10319,1
7,3648,1
2,15287,1
8,3795,1
26,4272,1
20,3827,1
22,4042,1
35,6161,1
3,7689,1
3,8352,1
2,4369,1
58,9744,1
16,9054,1
16,8643,1
5,2694,1
4,8216,1
29,5311,1
33,5867,1
2,1823,1
28,13343,1
6,15392,1
25,4325,1
2,2893,1
7,3743,1
7,4163,1
3,587,1
519,72818,2
8,3902,1
7,9789,1
7,5124,1
19,10354,1
38,6941,1
3,5447,1
189,29074,2
19,3719,1
4,7940,1
4,8881,1
10,3931,1
10,1610,1
10,4514,1
8,5514,1
2,149,1
15,7600,1
8,6930,1
8,3855,1
4,8048,1
2,250,1
1,48,1
3,222,1
26,4621,1
46,8254,1
4,4316,1
2,21,1
6,7149,1
4,8447,1
3,9675,1
59,10216,1
3,9544,1
68,12079,1
17,825,2
4,7545,1
3,9454,1
33,5824,1
4,7731,1
7,5717,1
8,14157,1
22,3830,1
3,7413,1
27,4162,1
2,1469,1
22,3938,1
4,9136,1
4,11974,1
1301,283449,2
5,5796,1
27,4738,1
9,16524,1
16,2822,1
10,5134,1
43,6931,1
25,4252,1
178,94509,2
4,13366,1
2,2400,1
8,11497,1
15,22562,1
24,4028,1
3,7620,1
14,12186,1
8,4186,1
4,8306,1
4,3643,1
22,3981,1
22,3932,1
4,3295,1
4,10618,1
7,196,1
307,46379,2
7,4089,1
2,23,1
21,11845,1
27,4892,1
2,2149,1
3,4756,1
2,2945,1
37,15092,1
29,5017,1
23,3908,1
10,5363,1
5,3765,1
10,5792,1
204,19555,1
2,2839,1
3,5405,1
2,7082,1
4,5434,1
20,3611,1
5,4116,1
5,6135,1
10,4992,1
10,6146,1
2,985,1
22,9239,1
679,96515,1
24,4265,1
4,11570,1
19,15755,1
17,6470,1
12,6641,1
6,9365,1
8,3831,1
8,4469,1
21,3681,1
11,4009,1
4,4003,1
3,7342,1
2,3680,1
9,17472,1
15,3228,1
4,8034,1
43,7491,1
2,812,1
27,6443,1
4,6345,1
5,4640,1
28,5020,1
10,5000,1
4,9024,1
18,13725,1
11,3465,1
6,6004,1
14,4529,1
3,7501,1
4,80,2
22,3889,1
8,4463,1
4,4303,1
11,6594,1
4,10140,1
22,3947,1
34,5992,1
4,4687,1
33,5807,1
6,6724,1
5,2612,1
6,11788,1
19,9168,1
17,7808,1
16,4075,1
8,13360,1
25,4245,1
15,9404,1
4,8187,1
3,7215,1
24,4185,1
1301,283449,2
18,13610,1
290,26209,1
8,4061,1
75,31057,2
33,5767,1
8,4160,1
55,9910,1
6,5844,1
12,5088,1
30,3092,2
10,5101,1
30,4944,1
3,2260,1
2,1932,1
470,70423,2
3,4328,1
5,5706,1
3,7657,1
4,4263,1
12,6277,1
9,5399,1
4,4536,1
4,8704,1
5,5213,1
21,3791,1
8,4616,1
22,3971,1
7,6998,1
9,5473,1
1,161,1
3,4226,1
29,5182,1
13,4821,1
3,7276,1
3,5896,1
8,4259,1
13,5489,1
6,3999,1
9,5052,1
3,7350,1
3,7336,1
10,5530,1
8,4193,1
7,8270,1
24,3935,1
4,10628,1
5,7964,1
3,152,1
30,3108,1
4,4146,1
31,5400,1
26,4704,1
3,4563,1
15,9271,1
8,3371,1
50,5373,1
22,11427,1
9,4507,1
46,7784,1
6,14580,1
8,4123,1
25,4294,1
21,9770,1
20,28014,1
8,4405,1
8,16201,1
6,14795,1
3,8118,1
439,67001,2
4,10751,1
4,8395,1
3,240,1
3,7266,1
6,3628,1
4,7446,1
10,14537,1
14,12990,1
46,7911,1
189,29074,2
35,5985,1
34,6083,1
4,3753,1
23,2681,2
3,4928,1
2,2750,1
7,3648,1
5,7715,1
3,5848,1
25,9488,1
4,9338,1
21,3732,1
8,3913,1
2,2141,1
9,6731,1
44,7935,1
4,9233,1
7,3629,1
25,12397,1
21,3759,1
4,6725,1
25,4674,1
1,4,1
4,3803,1
10,5892,1
17,18576,1
12,6194,1
8,4338,1
34,6150,1
3,8002,1
7,109,2
9,11093,1
5,4329,1
3,8290,1
519,72818,2
16,8447,1
33,16994,1
4,4151,1
4,5010,1
12,7016,1
4,6792,1
39,6738,1
27,11116,1
5,5584,1
9,4979,1
12,13769,1
4,3291,1
3,4848,1
3,4441,1
8,3798,1
8,4016,1
4,8253,1
3,5062,1
8,15302,1
8,4194,1
7,3971,1
3,8122,1
7,4929,1
8,3813,1
3,7515,1
9,272,1
15,17723,1
4,9654,1
28,5059,1
27,5024,1
8,3607,1
4,3722,1
3,8178,1
4,8910,1
23,4062,1
20,3611,1
24,4350,1
9,5461,1
5,5025,1
8,4034,1
4,6735,1
2,252,1
4,5910,1
5,322,1
37,35072,1
11,5852,1
3,142,1
3,9084,1
8,5831,1
4,7919,1
3,3776,1
8,3877,1
47,8471,1
24,4593,1
4,7954,1
8,3937,1
4,3899,1
2,182,1
4,7618,1
2,1838,1
4,9257,1
10,5216,1
165,87621,1
4,3733,1
6,4807,1
30,5309,1
3,7224,1
6,5545,1
3,8950,1
8,4300,1
4,7638,1
22,3896,1
25,4472,1
6,10609,1
16,6349,1
1,193,1
10,4872,1
29,4880,1
6,3193,1
2,6,1
3,5400,1
20,21058,1
9,4994,1
7,3802,1
4,4731,1
3,9273,1
2,2945,1
4,10961,1
22,6074,1
1301,283449,2
3,7459,1
4,8161,1
22,3919,1
15,9249,1
4,6558,1
312,53350,2
7,3657,1
3,9471,1
6,6828,1
8,3912,1
6,13333,1
3,7322,1
4,8683,1
21,3765,1
6,5878,1
22,3612,1
3,7905,1
9,7068,1
17,8869,1
3,4248,1
3,4215,1
10,5840,1
8,3935,1
4,9037,1
8,4428,1
4,7458,1
4,10346,1
39,6899,1
3,8025,1
2,3138,1
3,9345,1
46,8736,1
21,3870,1
28,4673,1
3,4900,1
1,24,1
3,7550,1
10,21994,1
1,11,1
8,3931,1
21,9714,1
17,6523,1
22,3789,1
4,9014,1
3,6572,1
4,45,1
8,4369,1
14,6921,1
3,7781,1
23,3821,1
5,5418,1
24,4210,1
4,4253,1
4,9626,1
3,2798,1
27,4874,1
10,5323,1
11,8511,1
34,6030,1
3,6138,1
4,8443,1
8,3786,1
12,9940,1
6,6156,1
5,13400,1
37,6801,1
7,17452,1
3,3732,1
5,14252,1
9,9997,1
12,5867,1
20,15243,1
41,9434,1
18,8502,1
30,5271,1
189,29074,2
30,3098,1
24,3976,1
34,5750,1
20,3620,1
2,2200,1
9,3643,1
5,194,1
25,12892,1
16,11253,1
42,7353,1
23,14984,1
6,9298,1
4,11003,1
1213,127531,2
202,98394,2
28,5016,1
10,4757,1
6,13440,1
30,5033,1
2,12,1
7,10231,1
524,74940,1
14,7027,1
9,6541,1
3,2904,1
3,7320,1
4,8905,1
11,4577,1
10,5721,1
5,2170,1
22,3860,1
33,5959,1
7,15693,1
15,35477,1
3,7407,1
3,7304,1
10,3916,1
6,4110,1
6,1137,1
4,7977,1
21,4902,1
48,8503,1
51,9032,1
24,12184,1
5,13266,1
14,6369,1
23,4177,1
25,4268,1
4,4329,1
3,7183,1
22,3954,1
26,4564,1
6,3765,1
10,5022,1
6,5040,1
11,5603,1
24,4218,1
3,4362,1
6,14181,1
4,5954,1
21,3672,1
5,7626,1
20,3607,1
1606,365809,2
4,7938,1
39,7302,1
20,3695,1
6,7488,1
3,7562,1
55,8602,1
3,9336,1
4,1010,1
4,7290,1
16,1642,1
2,7496,1
3,10225,1
7,4420,1
38,8114,1
97,48863,2
26,4617,1
4,4347,1
4,8050,1
6,4129,1
25,3780,1
25,4411,1
6,12693,1
43,7302,1
43,7145,1
3,3013,1
4,9030,1
26,4416,1
5,5628,1
21,3653,1
24,4511,1
35,5887,1
256,21817,1
3,64,1
19,6475,1
9,4507,1
28,15041,1
3,6506,1
6,278,1
2,2963,1
28,5004,1
17,6429,1
6,9813,1
6,10296,1
4,11420,1
6,4640,1
1,9,1
31,5670,1
20,3615,1
8,3893,1
8,4401,1
4,4532,1
20,11430,1
23,2681,2
6,3610,1
13,12622,1
24,4382,1
10,4792,1
3,4953,1
20,3610,1
4,7892,1
6,14227,1
23,4062,1
60,10326,1
27,4757,1
42,7467,1
1,84,1
2,119,1
52,9233,1
3,7247,1
38,4749,1
8,8355,1
23,8912,1
26,3807,1
6,6313,1
3,4127,1
23,4061,1
8,10053,1
2,2094,1
6,12242,1
3,8141,1
5,4274,1
14,17452,1
30,4452,1
2,214,1
4,3600,1
6,6150,1
27,4107,1
13,199,2
40,7063,1
3,8082,1
3,7412,1
10,17838,1
13,6034,1
29,5271,1
8,25704,1
5,5314,1
6,2291,1
6,10833,1
23,3979,1
69,12305,1
44,13745,1
4,8851,1
3,6967,1
35,9592,1
12,4154,1
3,7639,1
3,7349,1
19,22321,1
6,261,1
19,4148,1
23,4284,1
32,5447,1
1301,283449,2
8,4478,1
6,6204,1
7,4002,1
5,12323,1
21,3735,1
26,4413,1
4,8544,1
26,12323,1
6,16620,1
21,3797,1
5,6677,1
12,4740,1
2,2013,1
4,6027,1
20,3612,1
3,734,1
5,9370,1
8,7251,1
10,4671,1
9,785,1
24,11656,1
5,3615,1
41,7097,1
21,3845,1
13,4724,1
1301,283449,2
31,5302,1
26,2801,1
4,4534,1
10,13235,1
21,8111,1
31,5642,1
182,91718,2
8,18485,1
4,5670,1
13,6316,1
10,4424,1
5,40,1
5,5888,1
8,4071,1
8,3633,1
5,4563,1
35,5619,1
38,17556,1
3,9009,1
4,4697,1
5,4271,1
27,5025,1
3,7445,1
4,198,1
5,5384,1
7,260,1
15,4991,1
7,4114,1
14,8425,1
3,8324,1
4,33,1
32,5131,1
1301,283449,2
2,127,1
8,3648,1
20,7670,1
24,3724,1
11,3575,1
20,3626,1
4,4387,1
9,3732,1
3,3940,1
5,5221,1
33,6061,1
16,2670,1
8,4387,1
5,5884,1
13,15885,1
43,7757,1
6,12944,1
44,7719,1
4,8001,1
7,7346,1
39,6597,1
15,21199,1
4,4030,1
29,5130,1
7,3232,1
4,2365,1
36,6539,1
21,3669,1
4,3759,1
3,3706,1
3,4754,1
4,4697,1
8,20741,1
1,5,1
4,5008,1
42,7397,1
31,5374,1
4,11756,1
28,4782,1
45,15100,1
30,5423,1
4,16657,1
4,7745,1
53,25355,1
11,5581,1
13,20672,1
370,51751,1
2,39,1
11,5520,1
43,9100,2
21,3828,1
14,4227,1
4,9191,1
1301,283449,2
18,6633,1
6,12782,1
8,4398,1
3,7368,1
8,4267,1
38,3251,2
18,12707,1
47,20667,1
5,6199,1
13,199,2
32,5742,1
37,6448,1
28,4945,1
39,7040,1
10,5005,1
11,41113,1
225,119372,1
29,5209,1
4,8786,1
5,3850,1
8,4063,1
29,13558,1
26,4639,1
20,3443,1
4,8239,1
19,6085,1
8,4163,1
1301,283449,2
90,49419,1
5,4309,1
1,28,1
14,6649,1
3,8222,1
5,2579,1
4,8316,1
34,5196,1
3,9291,1
5,3614,1
28,4858,1
42,6461,1
11,7330,1
3,7048,1
23,4075,1
32,5612,1
5,11577,1
98,72058,1
21,3728,1
23,3962,1
7,4116,1
26,6284,1
3,7263,1
47,8334,1
30,5366,1
14,16660,1
6,6008,1
23,4135,1
6,7841,1
12,5510,1
80,34182,1
3,9055,1
6,2711,1
6,16183,1
9,5144,1
1,3,1
712,160017,2
3,3872,1
12,12738,1
3,8113,1
35,6058,1
6,12786,1
4,2904,1
14,6853,1
5,2585,1
21,8050,1
123,91940,2
27,32446,1
5,4032,1
3,3916,1
4,8213,1
3,6252,1
3,6011,1
4,6597,1
6,2717,1
3,7424,1
24,4480,1
4,7307,1
4,11548,1
30,5491,1
4,7428,1
22,3636,1
31,5497,1
4,5351,1
21,3823,1
13,5830,1
30,4866,1
47,17735,1
10,5136,1
4,8586,1
20,3443,1
58,16892,1
23,4053,1
8,4550,1
6,11739,1
4,4337,1
8,3739,1
10,4655,1
26,13042,1
1,653,1
9,5733,1
2,216,1
25,4534,1
7,8053,1
3,462,1
4,8489,1
4,3919,1
17,4022,1
23,7875,1
23,32430,1
9,16417,1
29,12354,1
2,5858,1
4,7536,1
22,3739,1
8,3807,1
8,6557,1
28,4632,1
4,8266,1
3,972,1
12,8817,1
24,3884,1
4,3103,1
26,4372,1
37,14440,1
33,5876,1
8,4240,1
3,8626,1
25,4053,1
39,7017,1
3,7607,1
24,4434,1
4,10539,1
3,7513,1
6,3792,1
1,202,1
5,4405,1
2,2399,1
9,7813,1
26,4486,1
10,4623,1
38,6679,1
3,7225,1
7,4261,1
3,9395,1
4,10016,1
56,9946,1
47,8057,1
312,53350,2
6,3762,1
3,3867,1
11,5589,1
2,6524,1
8,4359,1
10,12779,1
22,3815,1
21,10598,1
4,9853,1
3,7682,1
24,4245,1
4,8953,1
179,3958,1
5,679,1
9,4153,1
4,777,1
9,12625,1
8,3628,1
31,5453,1
8,10530,1
6,10744,1
65,13636,1
7,109,2
8,767,1
7,9468,1
4,4798,1
23,3970,1
9,6462,1
7,4199,1
2,3600,1
26,4816,1
5,7176,1
4,3661,1
29,5157,1
4,3725,1
4,12309,1
12,5661,1
12,5004,1
9,5495,1
24,26431,1
3,7204,1
14,14383,1
6,18067,1
24,4166,1
5,5081,1
5,516,1
51,9232,1
10,14104,1
24,4195,1
3,7687,1
8,3823,1
4,4610,1
6,6587,1
21,9375,1
6,4384,1
20,3611,1
7,12075,1
39,6648,1
31,5528,1
4,10112,1
18,5829,1
4,7090,1
7,3989,1
5,3614,1
24,3799,1
9,5413,1
8,8990,1
23,4258,1
9,632,1
6,5282,1
8,4036,1
3,7355,1
26,4633,1
3,4718,1
4,8313,1
1,1129,1
6,3739,1
35,6327,1
828,116783,1
24,12980,1
1,60,1
4,3612,1
8,768,1
33,5778,1
8,4091,1
25,4537,1
30,5482,1
7,109,2
7,3870,1
47,8374,1
7,11136,1
17,7387,1
6,625,1
24,4377,1
4,5584,1
4,8185,1
23,4142,1
11,8180,1
21,9101,1
32,5592,1
66,33636,1
4,3704,1
4,7646,1
258,120072,2
26,4444,1
41,16596,1
218,103574,2
9,9028,1
3,7444,1
21,3612,1
1301,283449,2
6,3799,1
12,6278,1
6,13734,1
27,2791,1
41,7384,1
3,10864,1
23,4075,1
21,21286,1
4,4587,1
6,399,1
5,4416,1
9,1860,1
29,5066,1
21,3712,1
9,3604,1
3,10800,1
35,6488,1
3,9072,1
10,4916,1
48,8052,1
4,9891,1
24,12833,1
3,7684,1
9,4943,1
4,14300,1
5,12975,1
50,8789,1
3,3273,1
3,9343,1
22,3840,1
11,18001,1
5,3293,1
2,2162,1
6,16588,1
4,5697,1
3,8270,1
10,4882,1
3,4977,1
22,3853,1
1,12,1
49,8678,1
2,2181,1
10,4081,1
17,6055,1
84,20945,2
18,6780,1
22,4003,1
4,6583,1
12,5798,1
181,47823,2
3,10019,1
2,2999,1
12,4868,1
8,3732,1
3,8738,1
3,4666,1
12,6203,1
3,4399,1
27,4875,1
37,6581,1
7,13348,1
25,4594,1
20,3636,1
17,8492,1
17,12234,1
6,3877,1
6,5054,1
4,7471,1
28,3626,1
5,11736,1
1301,283449,2
2,2931,1
21,3769,1
4,5320,1
4,3427,1
8,5002,1
8,3977,1
22,3989,1
4,8411,1
4,8126,1
5,7649,1
6,7214,1
6,11633,1
23,4055,1
6,3677,1
6,4557,1
4,8878,1
3,3941,1
5,14646,1
7,1998,1
2,3478,1
3,4330,1
29,4843,1
9,8039,1
8,88,2
15,9914,1
189,29074,2
8,9843,1
3,4756,1
7,487,1
7,4901,1
44,15256,1
8,3666,1
37,6673,1
6,3628,1
7,2253,1
4,9111,1
23,4200,1
6,13976,1
65,9424,1
23,8420,1
3,10801,1
4,10515,1
2,2851,1
11,12772,1
11,25697,1
4,4695,1
21,11768,1
2,2787,1
20,3617,1
3,7401,1
3,3851,1
4,6721,1
8,3857,1
29,4877,1
34,5980,1
9,10514,1
24,4148,1
12,3988,1
67,11947,1
3,7598,1
23,4153,1
10,5353,1
29,5261,1
2,3005,1
16,13900,1
10,5244,1
26,31227,1
10,5221,1
4,4016,1
6,2994,1
30,11079,1
6,606,1
8,3734,1
4,7629,1
8,3842,1
4,9839,1
27,4804,1
20,3610,1
3,6820,1
9,5745,1
6,5418,1
3,8020,1
16,5362,1
4,7788,1
181,47823,2
3,10123,1
12,5444,1
39,7074,1
9,6802,1
23,11420,1
8,3987,1
5,12554,1
16,24416,1
15,8545,1
3,8155,1
3,3816,1
26,4505,1
3,4520,1
11,6072,1
1,40,1
8,4529,1
5,3010,1
3,10659,1
24,3957,1
8,4493,1
8,3843,1
4,8329,1
25,4189,1
4,7050,1
4,870,1
4,6767,1
33,5937,1
24,4260,1
4,5291,1
4,7782,1
6,341,1
10,5711,1
25,3813,1
18,10153,1
24,4033,1
3,4098,1
21,16313,1
7,3924,1
11,7159,1
6,4492,1
2,2690,1
6,16201,1
7,109,2
9,4892,1
27,4751,1
4,9891,1
13,4089,1
4,4131,1
11,12079,1
5,6833,1
7,864,1
21,3763,1
2,2506,1
8,4009,1
2,2773,1
21,3701,1
4,10823,1
25,3996,1
22,3991,1
25,4068,1
2,2387,1
15,8483,1
8,11433,1
8,4160,1
40,7053,1
23,3973,1
5,12866,1
7,8392,1
3,17292,1
28,5074,1
8,4534,1
8,4121,1
25,9866,1
4,3909,1
1301,283449,2
6,9452,1
13,6703,1
4,8047,1
2,3605,1
3,8605,1
8,6017,1
2,3085,1
5,3859,1